100.00000000011343,0.4089558490783462,22.966332340073368
100.00000000011343,0.11903989436437823,12.451194377936183
100.00000000011343,-1.1715532609997208,-10.24135070365922
100.00000000011343,6.804675758377587e-2,-4.738537381495524
100.00000000011343,-0.23883888163485673,-4.11389629947049
100.00000000011343,0.22657778938648399,-16.12274163181424
100.00000000011343,-0.5232880972889626,14.922100729008271
100.00000000011343,-0.5497708941118367,-11.210257947945285
100.00000000011343,-1.0383377941627163,-3.2094473950680418
100.00000000011343,-2.5436195326163413,33.544131365286226
100.00000000011343,-7.44431781859869e-2,-7.824846117571826
100.00000000011343,0.1760724679098163,-10.121263879423749
100.00000000011343,-0.6518581488758324,-5.263368637645607
100.00000000011343,-0.7318038240085697,9.532884873394202
100.00000000011343,0.739537620105493,-11.369358386940187
100.00000000011343,0.3557900581068316,-29.688816598060047
100.00000000011343,-0.13562062468439023,-24.01133035147259
100.00000000011343,-1.1106571874178757,13.559565403297432
100.00000000011343,-0.6221737887668004,11.705657514731982
100.00000000011343,-1.0644140076792898,-5.298238186947465
100.00000000011343,0.17687133115841638,2.7661920582960087
100.00000000011343,0.7864870332250884,1.1757815604083266
100.00000000011343,0.23679197309129782,-8.416990652740413
100.00000000011343,-1.1445479058547823,10.496985365292376
100.00000000011343,0.21802291172042917,10.996970924818758
100.00000000011343,3.6763296574678e-2,21.183132125239037
100.00000000011343,0.19335450016493627,5.2223653758961275
100.00000000011343,1.485745656525011,27.3828089962118
100.00000000011343,7.952089529289197e-2,-3.561411554890395
100.00000000011343,0.16243821795879726,-6.111788569375505
100.00000000011343,0.6479743457798206,15.24499185359001
100.00000000011343,-0.1561122557444743,-3.634533541501363
100.00000000011343,0.8893954356327356,27.243948266550845
100.00000000011343,0.1458642286907887,12.4202522380346
100.00000000011343,-1.0995592306753,22.95371110823704
100.00000000011343,-1.2797460671514476,-5.723687330152613
100.00000000011343,0.30461154404947477,23.019483555871254
100.00000000011343,-0.4068975897943142,-12.550959486038655
100.00000000011343,0.4330402922990168,-7.296796432610357
100.00000000011343,1.0249192972890016,25.426600223720623
100.00000000011343,0.678215469712178,18.062301424924
100.00000000011343,0.1763265676409756,-0.912037251713936
100.00000000011343,-1.5274631400885448,1.5643332363410314
100.00000000011343,-2.259288306925717,-1.2005170994756855
100.00000000011343,0.4449634740346919,-14.320807158780474
100.00000000011343,1.1376852509370212,-34.304913544843906
100.00000000011343,1.0589892721969751,-1.3185195154893865
100.00000000011343,1.9205981626320028,2.9366431109264797
100.00000000011343,-0.7201912495286071,15.993957868953014
100.00000000011343,1.0498508414016283,0.3152847637214344
100.00000000011343,0.8689326062596654,1.4103850005380834
100.00000000011343,-0.8282677993929273,9.788325861928959
100.00000000011343,-0.865958522549006,6.14018485816372
100.00000000011343,-0.9191700627169485,9.267838830509397
100.00000000011343,-0.626206825760286,-13.261540332756065
100.00000000011343,-0.7438810753048776,20.106462606632956
100.00000000011343,-0.2701295098444566,-16.831553366414628
100.00000000011343,-1.16886401802634,-4.393660144512465
100.00000000011343,1.2053202762141935,-13.719031513498697
100.00000000011343,1.285967421463688,-20.787327675232657
100.00000000011343,-0.5206666333137129,-18.813888513432154
100.00000000011343,-0.10189978369311622,-0.33666303004613374
100.00000000011343,0.230075413542544,-15.95824200596644
100.00000000011343,0.8625103907605124,-5.448921317593409
100.00000000011343,-0.7581943237458065,5.8371862618369015
100.00000000011343,1.918481157208409,21.527433650254462
100.00000000011343,-1.2189852745877061,-14.726211731424465
100.00000000011343,0.49446812683347435,18.84670389960493
100.00000000011343,-0.5534881016118727,-15.750789940681026
100.00000000011343,-1.3631170308004348,9.537835789404873
100.00000000011343,0.8340877625478682,1.7081894476928527
100.00000000011343,0.1661025395091158,-23.939459296759782
100.00000000011343,0.5486546920193128,5.238781063252931
100.00000000011343,1.3313369612315578,-15.635253854970243
100.00000000011343,0.33405695362252547,-2.4504226659580564
100.00000000011343,-1.4019405910586036,-4.278926102231369
100.00000000011343,-1.1838885330193636,-23.569241427042392
100.00000000011343,1.159513698389779,12.454019573934648
100.00000000011343,1.3330407261774553,3.4115278675807796
100.00000000011343,-1.0835387966119594,-20.614099571535444
100.00000000011343,2.3624712533926266,-26.40536845609163
100.00000000011343,-2.3250678758377896,-9.701929883926812
100.00000000011343,-1.6735528114566418,-21.433150692771733
100.00000000011343,-0.20497097653656526,-14.152873411457232
100.00000000011343,-0.5327948623486704,-6.995956544847969
100.00000000011343,0.15282635695484326,9.678693986413416
100.00000000011343,-1.4990488685619134,-24.924007535365178
100.00000000011343,0.330351832221249,-38.213821740745814
100.00000000011343,-0.657279254964798,2.0122037362744583
100.00000000011343,1.098074963893662,-7.897937556851309
100.00000000011343,-2.01574460898754,7.686990829085855
100.00000000011343,-0.7659788791039386,-6.693652527615865e-2
100.00000000011343,-0.6662112150123853,14.75783479152882
100.00000000011343,-0.2693064660962257,-5.357445843325445
100.00000000011343,0.39610287512189074,4.05196909180492
100.00000000011343,-7.183596040823134e-2,-27.89856693568323
100.00000000011343,-0.7569993070998421,-1.3666255458905006
100.00000000011343,0.5290956333893703,15.70854956900472
100.00000000011343,-2.429315615222544,-30.95803237873238
100.00000000011343,0.9330050445851681,19.6379653516751
100.00000000001425,-0.5946147498287297,17.879571844504426
100.00000000001425,-9.664659249358559e-2,-10.23815741525316
100.00000000001425,1.5237152003052319,5.704122803041341
100.00000000001425,-1.2772143940317928,3.5571034483621826
100.00000000001425,0.5567954964800076,10.834800448067814
100.00000000001425,0.4038321530569579,9.141001449513656
100.00000000001425,-0.8033542192851993,-7.296637277389074
100.00000000001425,-0.1738641990370297,6.05000914320385
100.00000000001425,-0.6880270117912414,-21.88209808895709
100.00000000001425,0.3287922556809745,-8.853402370749045
100.00000000001425,-0.8528429108100293,-0.6876067720492608
100.00000000001425,0.6599252796045352,0.7471893858282919
100.00000000001425,1.0157357112281091,-14.182948690267384
100.00000000001425,0.15438761578921104,25.26534133456406
100.00000000001425,1.1831600324843934,-3.5667941004136154
100.00000000001425,0.9667588031477374,19.222398715928954
100.00000000001425,-7.762177460708106e-3,0.7641825089436656
100.00000000001425,-0.23276126250436366,18.574297153596095
100.00000000001425,-0.8988307580484111,7.233956640627639
100.00000000001425,-0.676941473147825,24.434766396908515
100.00000000001425,1.6549914766725733,32.34407594246187
100.00000000001425,-9.026251064427344e-3,-7.061372863508959
100.00000000001425,1.0405118262064514,-4.006629171523364
100.00000000001425,0.6929025341873584,3.4172794748152753
100.00000000001425,1.2776608486672265,5.886501891957831
100.00000000001425,-0.7960065296967742,6.663055119131764
100.00000000001425,-1.1584118417529734,8.573917282244114
100.00000000001425,-0.39625726724956156,15.654282283844813
100.00000000001425,-1.6093363787182335,-8.33133483418759
100.00000000001425,-1.0808309300717072,29.83765753474475
100.00000000001425,4.054533998586313e-2,-17.212486976398882
100.00000000001425,-1.114283446669643,7.959638578889507
100.00000000001425,-1.7766821538947581,-11.763475160287836
100.00000000001425,-0.8864622623458851,-5.151518118367176
100.00000000001425,-0.5804210180866939,-5.913322937479514
100.00000000001425,1.1370231216478708,8.725798546541354
100.00000000001425,0.7743864029272767,-11.911652081833596
100.00000000001425,1.5729602832949467,23.0904273252105
100.00000000001425,0.8716653841805241,-7.960900032317001
100.00000000001425,-0.9182811253009474,-7.939762087683336
100.00000000001425,-0.6133727965217316,-6.307342375431036
100.00000000001425,-1.1147052908089905,17.007202361295242
100.00000000001425,-1.1279904567606487,-15.733978428203715
100.00000000001425,-0.5275400508646236,-43.3782032104684
100.00000000001425,-0.15989204123013578,19.22720689140079
100.00000000001425,0.1012925976143663,10.596691698184538
100.00000000001425,-4.2004152736249675e-2,-6.27393929854709
100.00000000001425,-0.9558480400891408,15.43384442062394
100.00000000001425,2.2212925868423223,14.603476141344782
100.00000000001425,0.10387107929547595,9.013013626918026
100.00000000001425,-1.38642652770807,9.347036962574775
100.00000000001425,-0.2701224331058507,3.009915071260669
100.00000000001425,-7.079426811679886e-2,7.588117921431261
100.00000000001425,-2.0517401501457173,-2.7372219573819376
100.00000000001425,-0.7090226591600716,4.761794183702463
100.00000000001425,0.9332312075620196,14.208358810056552
100.00000000001425,-1.4503509528541942,-7.223140629573487
100.00000000001425,1.2688557901083097,14.516881515560836
100.00000000001425,-0.1892402052051816,-0.6686981993696247
100.00000000001425,0.748476174719315,-16.09137465167301
100.00000000001425,1.1397731899876564,14.001308729096905
100.00000000001425,0.46473976106864945,11.28573584679254
100.00000000001425,0.7062015464006737,21.2490476072012
100.00000000001425,-0.4546218816040123,-12.162346089481645
100.00000000001425,-0.39238935797883845,7.850201482091437
100.00000000001425,0.15719734763257254,-12.126999855892425
100.00000000001425,0.6493108989838551,1.2132671814527172
100.00000000001425,-1.527810494128136,-8.8537588570068
100.00000000001425,-0.6781504320672171,-1.8581931363898943
100.00000000001425,-0.6218271186941996,29.577189905959294
100.00000000001425,0.15389709841759075,8.813586827774385
100.00000000001425,-0.36511641662109373,-20.70398233116936
100.00000000001425,-0.8023617781943979,7.30865396862115
100.00000000001425,1.1286786624827476,-25.625026176511955
100.00000000001425,0.740376479132961,-0.9189019684680133
100.00000000001425,-1.5275639525568319,-5.882846735297529
100.00000000001425,-0.8436940372218567,14.418907167385598
100.00000000001425,0.4630992900767048,-14.241822147377638
100.00000000001425,0.38184429494713507,8.006059211212722
100.00000000001425,0.393217675522726,34.40358256987959
100.00000000001425,0.29940220273286233,-3.8079531401081974
100.00000000001425,0.7131362374068907,-6.812945157808284
100.00000000001425,-1.0639491372364644,-6.96166452589593
100.00000000001425,0.3320767309588021,-17.391189742313397
100.00000000001425,1.547927315504409,8.25722471085942
100.00000000001425,0.43953085233647177,-6.0045336565379674
100.00000000001425,-0.6302729998475051,-12.951496205713259
100.00000000001425,-0.7926494480993972,17.908183172053192
100.00000000001425,-4.403660289978878e-2,16.052283556594265
100.00000000001425,0.465868077333361,-6.617003509460452
100.00000000001425,5.423078243300569e-2,1.623034554657981
100.00000000001425,-1.96217823186524e-2,-11.469001974312535
100.00000000001425,-0.21746905417920415,-4.266863158185342
100.00000000001425,1.3780474309652404,1.5787593444879082
100.00000000001425,-0.4640834922688721,-16.829800116258433
100.00000000001425,-0.7271197638047717,1.0330009472337116
100.00000000001425,-1.234343423289242,-9.939249368726154
100.00000000001425,-1.6341543261830627e-2,-10.669653441483629
100.00000000001425,0.2529160504987525,14.692363134778345
100.00000000001425,2.4929162649477377,19.80645598765103
99.9999999999986,-0.46826635453424775,-18.79303746455049
99.9999999999986,-1.6464726477059055,10.917089458111025
99.9999999999986,-0.5061521152418214,-14.752483543661883
99.9999999999986,1.1249053171480465,6.346684927253589
99.9999999999986,0.45332110775932344,-13.621467136017575
99.9999999999986,1.809525790022602,18.672737217809644
99.9999999999986,2.233284449614959,-16.123449150865582
99.9999999999986,-0.23608995155212176,5.0858193130692175
99.9999999999986,0.2908978942172307,-14.596129283454452
99.9999999999986,-0.47582996312128834,0.330467682324743
99.9999999999986,-0.48835179238562826,-7.171053215970684
99.9999999999986,-0.5224284290366232,20.07624852070287
99.9999999999986,1.099745757702117,19.679785599780057
99.9999999999986,-0.4518628544146588,-3.9591406572344052
99.9999999999986,1.1050923332454867,6.92464716691046
99.9999999999986,0.4203409580155817,1.3567753696055007
99.9999999999986,-0.304707162571617,-8.097193263885314
99.9999999999986,0.8665212448268133,14.698084074640349
99.9999999999986,-0.6162028377010134,1.6224655084197988
99.9999999999986,-1.6701150806241403,17.60658280113902
99.9999999999986,-1.041309893722524,-10.049804256546068
99.9999999999986,-9.841502919753897e-2,4.204023363856365
99.9999999999986,0.466320878405537,4.4936589805861535
99.9999999999986,-9.007740850367363e-2,22.45819579066239
99.9999999999986,0.7290622769653659,-15.628189995439971
99.9999999999986,0.25861356584508566,6.957120327199761
99.9999999999986,-1.0602916558370512,13.318672442386688
99.9999999999986,1.4154033997515552,-12.762961975628082
99.9999999999986,0.8502092307748004,-12.257186023233105
99.9999999999986,-1.441221122244338,-5.258028506294279
99.9999999999986,-2.0714343760871077,-1.104531125099421
99.9999999999986,-0.18797013157419906,1.2444304137434685
99.9999999999986,-1.2441671019906302,15.912580626560294
99.9999999999986,-1.965880235719831,6.118040369148325
99.9999999999986,1.2229417168544041,-7.940916701371793
99.9999999999986,0.8596750008079165,14.601252403603025
99.9999999999986,2.672202892210943,14.021738403179816
99.9999999999986,-8.2305178252778e-2,0.9180610178145451
99.9999999999986,-1.0034987101756174,6.177100110927359
99.9999999999986,0.5472326422704981,-0.16533010382741672
99.9999999999986,1.0031387535704432,0.5305599260926199
99.9999999999986,-6.31732924149025e-2,16.73920620549972
99.9999999999986,1.6150952689528386,7.096184574474804
99.9999999999986,-0.6458047688052936,3.0039996329397773
99.9999999999986,0.36735732391918174,23.013702023990543
99.9999999999986,-1.0295267658270701,-4.907590559384492
99.9999999999986,0.5687674269652707,2.110259526554888
99.9999999999986,2.414712153749052,20.604324067891977
99.9999999999986,0.15734083935458093,9.4960524514328e-2
99.9999999999986,-0.1951517807968275,-4.222377477721137
99.9999999999986,-0.3182445487415624,21.793459354530665
99.9999999999986,1.121142928641285,8.379372300659494
99.9999999999986,-1.6236373499043466,19.242338397840935
99.9999999999986,-0.1722462068254615,-7.193932411175507
99.9999999999986,1.3439880731867428,5.044085861897613
99.9999999999986,-1.2391176258089525,-12.475095395299714
99.9999999999986,-2.4268536746150082,25.378563008766644
99.9999999999986,-1.609263184709357,4.603577961834122
99.9999999999986,0.18183274658748422,-1.3325874494699976
99.9999999999986,0.5231465867658582,-9.537313737388125
99.9999999999986,0.10904868654996858,1.2968840103475054
99.9999999999986,1.0774895400683109,-9.052391919254514
99.9999999999986,1.4838674153264761,8.154749552115309
99.9999999999986,-1.0375622751214535,-1.594344733076705
99.9999999999986,-0.6068200925814218,10.375067351247186
99.9999999999986,2.7220661201519936,-16.00244205788871
99.9999999999986,-1.3333357653744533,-17.53291971049211
99.9999999999986,0.8419771980862678,-3.244804136150793
99.9999999999986,0.2031501426809302,6.2514346218261965
99.9999999999986,0.48243038063847465,33.330846447421244
99.9999999999986,-0.8796267926731443,-20.463227856061483
99.9999999999986,-5.767672594289164e-2,24.90506947916689
99.9999999999986,-0.6368144956745843,-14.10998563877122
99.9999999999986,-0.9315654406002096,-14.386218271796904
99.9999999999986,-1.1365409901932244e-2,-4.918575077292176
99.9999999999986,-0.31797148908351147,1.2183050666585742
99.9999999999986,0.2804067347741527,2.891151088215206
99.9999999999986,-0.638857328757254,10.294832535065325
99.9999999999986,-0.5938573592486834,19.68240406462235
99.9999999999986,0.7990908763753615,5.137942424911369
99.9999999999986,1.9766419017420334,10.195939914417004
99.9999999999986,-1.665476700215189,-5.631766060789038
99.9999999999986,-2.0999013979655197,-0.16431418309589985
99.9999999999986,-1.937152078722347,33.48318790789185
99.9999999999986,-0.7716811274400633,26.00231639459241
99.9999999999986,1.576671782330574,-13.06359288512864
99.9999999999986,-0.5075420119676797,5.24560535529277
99.9999999999986,1.790911960460733,-22.27629009305592
99.9999999999986,-0.7770566723391499,-9.284355934985912
99.9999999999986,-1.957371344039623,27.268393323863638
99.9999999999986,-1.9571194567307435,-19.786736441043537
99.9999999999986,1.4111291775831722,-14.213344490532933
99.9999999999986,1.5072442923323175,-8.59338412320158
99.9999999999986,1.0379010759602163,-4.90480708124951
99.9999999999986,-7.66168771099537e-2,6.376062825445059
99.9999999999986,-0.36324185883251636,10.741203245424828
99.9999999999986,-0.8950229938604805,-14.313069975278314
99.9999999999986,-1.4984967114779955,16.415352198126822
99.9999999999986,-1.8769833731172252,-5.89149331165276
99.9999999999986,-2.0108653306456383,5.642434341986165
