100.00000000011343,0.4089558490783462,22.966332340073368
100.00000000011343,0.11903989436437823,12.451194377936183
100.00000000011343,-1.1715532609997208,-10.24135070365922
100.00000000011343,6.804675758377587e-2,-4.738537381495524
100.00000000011343,-0.23883888163485673,-4.11389629947049
100.00000000011343,0.22657778938648399,-16.12274163181424
100.00000000011343,-0.5232880972889626,14.922100729008271
100.00000000011343,-0.5497708941118367,-11.210257947945285
100.00000000011343,-1.0383377941627163,-3.2094473950680418
100.00000000011343,-2.5436195326163413,33.544131365286226
100.00000000011343,-7.44431781859869e-2,-7.824846117571826
100.00000000011343,0.1760724679098163,-10.121263879423749
100.00000000011343,-0.6518581488758324,-5.263368637645607
100.00000000011343,-0.7318038240085697,9.532884873394202
100.00000000011343,0.739537620105493,-11.369358386940187
100.00000000011343,0.3557900581068316,-29.688816598060047
100.00000000011343,-0.13562062468439023,-24.01133035147259
100.00000000011343,-1.1106571874178757,13.559565403297432
100.00000000011343,-0.6221737887668004,11.705657514731982
100.00000000011343,-1.0644140076792898,-5.298238186947465
100.00000000011343,0.17687133115841638,2.7661920582960087
100.00000000011343,0.7864870332250884,1.1757815604083266
100.00000000011343,0.23679197309129782,-8.416990652740413
100.00000000011343,-1.1445479058547823,10.496985365292376
100.00000000011343,0.21802291172042917,10.996970924818758
100.00000000011343,3.6763296574678e-2,21.183132125239037
100.00000000011343,0.19335450016493627,5.2223653758961275
100.00000000011343,1.485745656525011,27.3828089962118
100.00000000011343,7.952089529289197e-2,-3.561411554890395
100.00000000011343,0.16243821795879726,-6.111788569375505
100.00000000011343,0.6479743457798206,15.24499185359001
100.00000000011343,-0.1561122557444743,-3.634533541501363
100.00000000011343,0.8893954356327356,27.243948266550845
100.00000000011343,0.1458642286907887,12.4202522380346
100.00000000011343,-1.0995592306753,22.95371110823704
100.00000000011343,-1.2797460671514476,-5.723687330152613
100.00000000011343,0.30461154404947477,23.019483555871254
100.00000000011343,-0.4068975897943142,-12.550959486038655
100.00000000011343,0.4330402922990168,-7.296796432610357
100.00000000011343,1.0249192972890016,25.426600223720623
100.00000000011343,0.678215469712178,18.062301424924
100.00000000011343,0.1763265676409756,-0.912037251713936
100.00000000011343,-1.5274631400885448,1.5643332363410314
100.00000000011343,-2.259288306925717,-1.2005170994756855
100.00000000011343,0.4449634740346919,-14.320807158780474
100.00000000011343,1.1376852509370212,-34.304913544843906
100.00000000011343,1.0589892721969751,-1.3185195154893865
100.00000000011343,1.9205981626320028,2.9366431109264797
100.00000000011343,-0.7201912495286071,15.993957868953014
100.00000000011343,1.0498508414016283,0.3152847637214344
100.00000000011343,0.8689326062596654,1.4103850005380834
100.00000000011343,-0.8282677993929273,9.788325861928959
100.00000000011343,-0.865958522549006,6.14018485816372
100.00000000011343,-0.9191700627169485,9.267838830509397
100.00000000011343,-0.626206825760286,-13.261540332756065
100.00000000011343,-0.7438810753048776,20.106462606632956
100.00000000011343,-0.2701295098444566,-16.831553366414628
100.00000000011343,-1.16886401802634,-4.393660144512465
100.00000000011343,1.2053202762141935,-13.719031513498697
100.00000000011343,1.285967421463688,-20.787327675232657
100.00000000011343,-0.5206666333137129,-18.813888513432154
100.00000000011343,-0.10189978369311622,-0.33666303004613374
100.00000000011343,0.230075413542544,-15.95824200596644
100.00000000011343,0.8625103907605124,-5.448921317593409
100.00000000011343,-0.7581943237458065,5.8371862618369015
100.00000000011343,1.918481157208409,21.527433650254462
100.00000000011343,-1.2189852745877061,-14.726211731424465
100.00000000011343,0.49446812683347435,18.84670389960493
100.00000000011343,-0.5534881016118727,-15.750789940681026
100.00000000011343,-1.3631170308004348,9.537835789404873
100.00000000011343,0.8340877625478682,1.7081894476928527
100.00000000011343,0.1661025395091158,-23.939459296759782
100.00000000011343,0.5486546920193128,5.238781063252931
100.00000000011343,1.3313369612315578,-15.635253854970243
100.00000000011343,0.33405695362252547,-2.4504226659580564
100.00000000011343,-1.4019405910586036,-4.278926102231369
100.00000000011343,-1.1838885330193636,-23.569241427042392
100.00000000011343,1.159513698389779,12.454019573934648
100.00000000011343,1.3330407261774553,3.4115278675807796
100.00000000011343,-1.0835387966119594,-20.614099571535444
100.00000000011343,2.3624712533926266,-26.40536845609163
100.00000000011343,-2.3250678758377896,-9.701929883926812
100.00000000011343,-1.6735528114566418,-21.433150692771733
100.00000000011343,-0.20497097653656526,-14.152873411457232
100.00000000011343,-0.5327948623486704,-6.995956544847969
100.00000000011343,0.15282635695484326,9.678693986413416
100.00000000011343,-1.4990488685619134,-24.924007535365178
100.00000000011343,0.330351832221249,-38.213821740745814
100.00000000011343,-0.657279254964798,2.0122037362744583
100.00000000011343,1.098074963893662,-7.897937556851309
100.00000000011343,-2.01574460898754,7.686990829085855
100.00000000011343,-0.7659788791039386,-6.693652527615865e-2
100.00000000011343,-0.6662112150123853,14.75783479152882
100.00000000011343,-0.2693064660962257,-5.357445843325445
100.00000000011343,0.39610287512189074,4.05196909180492
100.00000000011343,-7.183596040823134e-2,-27.89856693568323
100.00000000011343,-0.7569993070998421,-1.3666255458905006
100.00000000011343,0.5290956333893703,15.70854956900472
100.00000000011343,-2.429315615222544,-30.95803237873238
100.00000000011343,0.9330050445851681,19.6379653516751
100.00000000001425,-0.5946147498287297,17.879571844504426
100.00000000001425,-9.664659249358559e-2,-10.23815741525316
100.00000000001425,1.5237152003052319,5.704122803041341
100.00000000001425,-1.2772143940317928,3.5571034483621826
100.00000000001425,0.5567954964800076,10.834800448067814
100.00000000001425,0.4038321530569579,9.141001449513656
100.00000000001425,-0.8033542192851993,-7.296637277389074
100.00000000001425,-0.1738641990370297,6.05000914320385
100.00000000001425,-0.6880270117912414,-21.88209808895709
100.00000000001425,0.3287922556809745,-8.853402370749045
100.00000000001425,-0.8528429108100293,-0.6876067720492608
100.00000000001425,0.6599252796045352,0.7471893858282919
100.00000000001425,1.0157357112281091,-14.182948690267384
100.00000000001425,0.15438761578921104,25.26534133456406
100.00000000001425,1.1831600324843934,-3.5667941004136154
100.00000000001425,0.9667588031477374,19.222398715928954
100.00000000001425,-7.762177460708106e-3,0.7641825089436656
100.00000000001425,-0.23276126250436366,18.574297153596095
100.00000000001425,-0.8988307580484111,7.233956640627639
100.00000000001425,-0.676941473147825,24.434766396908515
100.00000000001425,1.6549914766725733,32.34407594246187
100.00000000001425,-9.026251064427344e-3,-7.061372863508959
100.00000000001425,1.0405118262064514,-4.006629171523364
100.00000000001425,0.6929025341873584,3.4172794748152753
100.00000000001425,1.2776608486672265,5.886501891957831
100.00000000001425,-0.7960065296967742,6.663055119131764
100.00000000001425,-1.1584118417529734,8.573917282244114
100.00000000001425,-0.39625726724956156,15.654282283844813
100.00000000001425,-1.6093363787182335,-8.33133483418759
100.00000000001425,-1.0808309300717072,29.83765753474475
100.00000000001425,4.054533998586313e-2,-17.212486976398882
100.00000000001425,-1.114283446669643,7.959638578889507
100.00000000001425,-1.7766821538947581,-11.763475160287836
100.00000000001425,-0.8864622623458851,-5.151518118367176
100.00000000001425,-0.5804210180866939,-5.913322937479514
100.00000000001425,1.1370231216478708,8.725798546541354
100.00000000001425,0.7743864029272767,-11.911652081833596
100.00000000001425,1.5729602832949467,23.0904273252105
100.00000000001425,0.8716653841805241,-7.960900032317001
100.00000000001425,-0.9182811253009474,-7.939762087683336
100.00000000001425,-0.6133727965217316,-6.307342375431036
100.00000000001425,-1.1147052908089905,17.007202361295242
100.00000000001425,-1.1279904567606487,-15.733978428203715
100.00000000001425,-0.5275400508646236,-43.3782032104684
100.00000000001425,-0.15989204123013578,19.22720689140079
100.00000000001425,0.1012925976143663,10.596691698184538
100.00000000001425,-4.2004152736249675e-2,-6.27393929854709
100.00000000001425,-0.9558480400891408,15.43384442062394
100.00000000001425,2.2212925868423223,14.603476141344782
100.00000000001425,0.10387107929547595,9.013013626918026
100.00000000001425,-1.38642652770807,9.347036962574775
100.00000000001425,-0.2701224331058507,3.009915071260669
100.00000000001425,-7.079426811679886e-2,7.588117921431261
100.00000000001425,-2.0517401501457173,-2.7372219573819376
100.00000000001425,-0.7090226591600716,4.761794183702463
100.00000000001425,0.9332312075620196,14.208358810056552
100.00000000001425,-1.4503509528541942,-7.223140629573487
100.00000000001425,1.2688557901083097,14.516881515560836
100.00000000001425,-0.1892402052051816,-0.6686981993696247
100.00000000001425,0.748476174719315,-16.09137465167301
100.00000000001425,1.1397731899876564,14.001308729096905
100.00000000001425,0.46473976106864945,11.28573584679254
100.00000000001425,0.7062015464006737,21.2490476072012
100.00000000001425,-0.4546218816040123,-12.162346089481645
100.00000000001425,-0.39238935797883845,7.850201482091437
100.00000000001425,0.15719734763257254,-12.126999855892425
100.00000000001425,0.6493108989838551,1.2132671814527172
100.00000000001425,-1.527810494128136,-8.8537588570068
100.00000000001425,-0.6781504320672171,-1.8581931363898943
100.00000000001425,-0.6218271186941996,29.577189905959294
100.00000000001425,0.15389709841759075,8.813586827774385
100.00000000001425,-0.36511641662109373,-20.70398233116936
100.00000000001425,-0.8023617781943979,7.30865396862115
100.00000000001425,1.1286786624827476,-25.625026176511955
100.00000000001425,0.740376479132961,-0.9189019684680133
100.00000000001425,-1.5275639525568319,-5.882846735297529
100.00000000001425,-0.8436940372218567,14.418907167385598
100.00000000001425,0.4630992900767048,-14.241822147377638
100.00000000001425,0.38184429494713507,8.006059211212722
100.00000000001425,0.393217675522726,34.40358256987959
100.00000000001425,0.29940220273286233,-3.8079531401081974
100.00000000001425,0.7131362374068907,-6.812945157808284
100.00000000001425,-1.0639491372364644,-6.96166452589593
100.00000000001425,0.3320767309588021,-17.391189742313397
100.00000000001425,1.547927315504409,8.25722471085942
100.00000000001425,0.43953085233647177,-6.0045336565379674
100.00000000001425,-0.6302729998475051,-12.951496205713259
100.00000000001425,-0.7926494480993972,17.908183172053192
100.00000000001425,-4.403660289978878e-2,16.052283556594265
100.00000000001425,0.465868077333361,-6.617003509460452
100.00000000001425,5.423078243300569e-2,1.623034554657981
100.00000000001425,-1.96217823186524e-2,-11.469001974312535
100.00000000001425,-0.21746905417920415,-4.266863158185342
100.00000000001425,1.3780474309652404,1.5787593444879082
100.00000000001425,-0.4640834922688721,-16.829800116258433
100.00000000001425,-0.7271197638047717,1.0330009472337116
100.00000000001425,-1.234343423289242,-9.939249368726154
100.00000000001425,-1.6341543261830627e-2,-10.669653441483629
100.00000000001425,0.2529160504987525,14.692363134778345
100.00000000001425,2.4929162649477377,19.80645598765103
99.9999999999986,0.5299477268322216,-7.98585219412838
99.9999999999986,-0.10139852218195347,18.08356760984014
99.9999999999986,0.6818556079940348,-34.66905778406059
99.9999999999986,-6.2319344969640755e-2,22.932705181742524
99.9999999999986,0.7878983347171415,26.05445744633526
99.9999999999986,-6.5760373039657205e-3,13.707225537051391
99.9999999999986,1.186451143045957,6.169108338357895
99.9999999999986,0.31046159748948277,43.83503176713118
99.9999999999986,0.3170076993230336,10.26820915945178
99.9999999999986,-1.1119124607346103,-31.585564145917928
99.9999999999986,-1.0256161310573604,-14.799548235575124
99.9999999999986,-0.5345195593457295,6.681713351487463
99.9999999999986,-0.11127386453791338,-8.17770472210203
99.9999999999986,-0.4400570623078029,-26.27628794676427
99.9999999999986,0.27071046867504056,26.930185677979228
99.9999999999986,-0.8089408037135718,-28.10372783148235
99.9999999999986,0.9702879396225212,13.599276552829132
99.9999999999986,-2.1254706537039225,12.987978999531025
99.9999999999986,0.5773145886343276,2.1377529927899928
99.9999999999986,0.5725805173671661,13.915196239975879
99.9999999999986,-1.6573860138471614,3.6490514030982126
99.9999999999986,1.0914814181799868,-14.606352128373087
99.9999999999986,0.1652213393766535,-27.324890228649025
99.9999999999986,0.7171642167739514,-16.96032707356868
99.9999999999986,0.6008912818099998,2.669924824123014
99.9999999999986,-0.16619225445607,0.8736112031422263
99.9999999999986,0.35775937142120545,11.03609070210781
99.9999999999986,-0.6337486203776277,16.117586101150497
99.9999999999986,-1.7303902621340799,-10.625517955324081
99.9999999999986,0.10467787959438252,-1.178543979475572
99.9999999999986,0.6949728118155467,-5.381288721454828
99.9999999999986,2.129577271153079,17.236711258456108
99.9999999999986,-0.30529858168656443,-5.62037206228048
99.9999999999986,-1.4046046822506963,-25.7495581364073
99.9999999999986,-0.6993259860500876,4.66203908022553
99.9999999999986,-2.0899685555491567,5.394750477154817
99.9999999999986,-0.4553125859187184,-6.8310399668822805
99.9999999999986,-0.20586531139807662,2.223369593712743
99.9999999999986,0.971425623006186,10.777650335042676
99.9999999999986,-1.3537763271773646,-6.06228627081124
99.9999999999986,2.743592453515424,4.802482464380662
99.9999999999986,-0.3659510638809671,14.37657759378246
99.9999999999986,-1.14737739465774,10.22541375419589
99.9999999999986,0.7235779902896962,-7.457547358050472
99.9999999999986,0.3434704463799656,-25.931610748531668
99.9999999999986,0.3126204973666932,-28.20790751889438
99.9999999999986,-0.10149657926050415,1.045579703208592
99.9999999999986,-0.4811794894752961,-5.314974534019171
99.9999999999986,-5.6702638619595305e-2,23.46251657829887
99.9999999999986,-0.8221271164106647,38.35281731266724
99.9999999999986,0.4951795899993876,-4.381418113271083
99.9999999999986,-1.6011710945834536,-4.820951557349483
99.9999999999986,1.1050100243418297,7.111152986970111
99.9999999999986,2.3842207977085708,-14.848429501994266
99.9999999999986,0.9058036318414542,18.644935879109077
99.9999999999986,-0.19209278106962246,-1.8355813543084845
99.9999999999986,-1.633266571488643,-8.425272127727254
99.9999999999986,1.9150156903632123,7.493943766248395
99.9999999999986,0.10294964619846284,-3.9901709582062406
99.9999999999986,0.5025667821406286,-2.9319866629703197
99.9999999999986,-0.15541381412480743,-11.902735790609102
99.9999999999986,0.6603270861781679,3.4041908048512326
99.9999999999986,-1.0183509012335525,-14.90973855752601
99.9999999999986,0.8779657419740614,-12.737501726778877
99.9999999999986,-0.46914716644268045,-15.115429736396267
99.9999999999986,-1.5579502352198906,-25.653154519128787
99.9999999999986,0.618661761025435,-1.6429212723226707
99.9999999999986,0.1832909983953471,13.759834414172413
99.9999999999986,-0.8541878017369046,2.21577154779493
99.9999999999986,0.9482556114718845,17.488555578567105
99.9999999999986,1.440317730423165,-7.787888800087694
99.9999999999986,-1.4479746079386908,-4.4402941845530925
99.9999999999986,0.3801466155226516,11.145338603883653
99.9999999999986,1.0238620870340913,-6.539792709492762
99.9999999999986,-2.085335603940165,-5.545369597414818
99.9999999999986,0.1689652063018062,6.999258831514241
99.9999999999986,-1.8263475883730926,-17.655482732852462
99.9999999999986,-0.31079567438547634,-8.768174068211177
99.9999999999986,0.5414785871417036,17.316075993805523
99.9999999999986,-0.2763076944953549,-2.2216473469541667
99.9999999999986,0.8564478704153798,14.95258847255634
99.9999999999986,-0.8329945586629084,-0.4256632918499304
99.9999999999986,0.811182882420139,2.5295728338450147
99.9999999999986,-0.10126859394535748,5.13811506448277
99.9999999999986,0.8264441773433462,-2.5969510782534595
99.9999999999986,-0.8025333483216345,33.74679441052435
99.9999999999986,-0.1317423380439365,-9.053018349609198
99.9999999999986,-1.823390851596256,-12.726910663492346
99.9999999999986,-0.49317852400518897,-14.192461094882644
99.9999999999986,-0.8129150576016209,20.893209676248173
99.9999999999986,0.13065378220719404,36.69552073134192
99.9999999999986,0.2935545827770565,-3.0302992941648657
99.9999999999986,1.5297232372175393,12.087058223442428
99.9999999999986,0.3952786377322272,-3.9313117223781173
99.9999999999986,-1.4193538077997734,2.480822728119527
99.9999999999986,1.1509477362977816,7.784890946395301
99.9999999999986,3.366035593924427e-3,-7.422471249755422
99.9999999999986,0.8860519501690008,-22.438389694344885
99.9999999999986,0.48346361296226936,13.260372178405
99.9999999999986,-0.40199686140252266,-1.4453015794475597
