100.00000000001425,1.1827872683175809,17.061132087241948
100.00000000001425,-1.0736158007013141,26.268974467553942
100.00000000001425,1.8053891420879498,1.948432070151136
100.00000000001425,-1.713233457544951,30.744026232477097
100.00000000001425,-1.2328479215640404,-5.195495359393969
100.00000000001425,-0.17779809641534777,4.863821257626018
100.00000000001425,1.27662980911003,-8.374894281949883
100.00000000001425,-0.10529403814572931,19.750795700184373
100.00000000001425,-1.3177660432332052,-10.376984398280845
100.00000000001425,1.6181555817817777,-7.329151210599946
100.00000000001425,0.37112854803942924,11.107430183446807
100.00000000001425,-0.7253473860089761,13.0465489651395
100.00000000001425,-0.6575945773828139,-19.570460537708723
100.00000000001425,-0.8777841368809226,10.807453911085856
100.00000000001425,-0.6275467360694075,-1.2411775009748403
100.00000000001425,-0.41371480775170405,12.400499529030299
100.00000000001425,-0.6220284692519981,-4.873267562047497
100.00000000001425,1.121178744729025,12.740505118372903
100.00000000001425,-0.9907933832511675,2.021933850656315
100.00000000001425,1.7958985324447236,-6.637879986558935
100.00000000001425,-1.2588069023165676,13.464136427853584
100.00000000001425,0.45955645043612664,17.894139258285552
100.00000000001425,1.4418958098293126,15.80293391253486
100.00000000001425,-6.243178401982212e-2,29.884417042412725
100.00000000001425,0.6308725330887875,8.509966804608752
100.00000000001425,0.5733333602864069,9.499261896816991
100.00000000001425,0.26826592884484785,-5.006321121237086
100.00000000001425,1.7679465860559107,23.91564642099772
100.00000000001425,-1.8620826986963825,27.92074145914319
100.00000000001425,1.3372841489349208,-10.432536185725855
100.00000000001425,1.7166832504567626,-10.185334394808121
100.00000000001425,-0.6486408598221888,16.073285775504093
100.00000000001425,1.6815218979449706,14.14519767828821
100.00000000001425,0.7075147973828142,15.13130693274153
100.00000000001425,-1.4288389958235017,54.22944960186757
100.00000000001425,-0.9978050953009446,8.754862417692367
100.00000000001425,-1.6141796781094118,-14.623024763951166
100.00000000001425,0.5711941175907846,20.760967838422584
100.00000000001425,1.403411321214101,11.93864225835155
100.00000000001425,-0.257265300834579,3.437736384165914
100.00000000001425,1.2192334812931396,-4.272853282381419
100.00000000001425,-1.3783895124238261,-17.75617474717552
100.00000000001425,-0.3588531909280729,16.25124864156913
100.00000000001425,1.7591815482017108,10.040399802313326
100.00000000001425,1.1821435176094246,4.245176639825283
100.00000000001425,1.3762799443261988,-12.686599306398913
100.00000000001425,-0.12367779497311632,7.333210517118484
100.00000000001425,0.20170222287459183,11.650004280917111
100.00000000001425,1.1602174531704121,-6.557545205475056
100.00000000001425,-0.7518078735240729,-13.883509878896785
100.00000000001425,0.8613686152988105,-7.586700272136425
100.00000000001425,-0.7928741217328366,31.327087286409235
100.00000000001425,-0.1643132324265133,8.405489480287685
100.00000000001425,1.866040349905718,13.444878657382716
100.00000000001425,-4.7538585744508935e-2,9.551327987530591
100.00000000001425,-0.47020460820578275,-4.953519509636688
100.00000000001425,0.8020074872276374,11.966228386482934
100.00000000001425,-0.4742871864209723,1.7354385358277447
100.00000000001425,2.0238475717979245,12.654905103230746
100.00000000001425,0.2130298886217667,14.195079021017035
100.00000000001425,1.0467902531024464,-13.754200244308217
100.00000000001425,-0.8307590772528345,-14.880454182830562
100.00000000001425,-0.6656478873654693,5.544151554932663
100.00000000001425,1.149482218361172,7.710264806419842
100.00000000001425,-0.30553785927157473,-12.805250702159787
100.00000000001425,0.8008194661450123,2.7347906757651597
100.00000000001425,-0.6549230876480164,3.3730532403696825
100.00000000001425,1.979247320422506e-2,6.044551124234776
100.00000000001425,2.3890626488807634,24.57699733479076
100.00000000001425,0.4675380336188511,13.287277202136034
100.00000000001425,0.9225924451040831,9.612675751353219
100.00000000001425,1.2626771091494646,-11.975576398532647
100.00000000001425,1.12330914606154,9.448071407244719
100.00000000001425,0.5342301257795391,11.199303201072265
100.00000000001425,1.024109025404021,32.95595007279824
100.00000000001425,1.8463197910364597,-2.1471967657064184
100.00000000001425,-0.8417317492872569,-2.1944076360287186
100.00000000001425,-1.145095510557681,-6.386021770758449
100.00000000001425,0.794650405288998,4.57074517990804
100.00000000001425,1.28888495589386,43.409782642695795
100.00000000001425,0.35652131598125025,-0.8878614621094545
100.00000000001425,1.1406048035530572,27.335177759781395
100.00000000001425,-0.7462354159480049,-3.4645337811085097
100.00000000001425,1.1189359640344818,14.549703538975391
100.00000000001425,0.9136784788264167,31.04137589830443
100.00000000001425,0.4046702652765459,20.214745354590494
100.00000000001425,-0.5291764968442256,-1.1872294455373105
100.00000000001425,0.69190895711541,17.666273429143203
100.00000000001425,-0.47607453908082403,-1.229193783502741
100.00000000001425,0.7171324300671349,20.006837198361232
100.00000000001425,-1.4629709237085329,4.088111975014674
100.00000000001425,-0.364862226754036,9.768640874054483
100.00000000001425,-0.28765364591174714,-16.126329464701712
100.00000000001425,0.4943632092146394,22.225656211605944
100.00000000001425,0.33717876058471563,7.267742409690661
100.00000000001425,1.1905889637801355,18.54003478696386
100.00000000001425,1.2820314046107073,15.483846629502478
100.00000000001425,-0.22477320400171572,-4.699605397668271
100.00000000001425,1.4771894329137736,9.917859310168701
100.00000000001425,-0.5791671025135436,-28.178818051366736
99.9999999999986,1.7640333768336625,12.649761353261288
99.9999999999986,1.5114524868213017,20.659613201317807
99.9999999999986,-2.193422872220124,40.423402044100925
99.9999999999986,0.31396004528911403,8.588919518009467
99.9999999999986,1.0938252657841405,6.001097871622933
99.9999999999986,9.545970308018917e-2,-4.017404086831152
99.9999999999986,1.350408954216743,5.201074855164082
99.9999999999986,1.9290426136739436,10.421148929459688
99.9999999999986,0.9189656996502271,13.884242841320017
99.9999999999986,-0.73113808878737,16.908904578172535
99.9999999999986,-0.2367386556739995,3.902612617695733
99.9999999999986,1.827913370905398,20.825381952713503
99.9999999999986,-0.6498449626072961,27.00606317030067
99.9999999999986,0.760399540008346,31.423970297487383
99.9999999999986,2.1898260972266805,3.7289422707348834
99.9999999999986,0.2356328800861509,33.149637893526595
99.9999999999986,0.856403658393212,-6.023390979989185
99.9999999999986,-0.5118992625108005,-7.78984663168683
99.9999999999986,-1.5550890300868871,15.54932564038765
99.9999999999986,0.18874587767471718,-15.85016088593811
99.9999999999986,-0.8744466354451043,3.6173704571066043
99.9999999999986,-0.2604902756930314,10.244789381134552
99.9999999999986,0.8885660725708194,-16.80605802435218
99.9999999999986,1.3391837906972457,20.36054340212426
99.9999999999986,-0.18876937271580926,28.18662466267426
99.9999999999986,-0.47916732885606483,20.56085026541851
99.9999999999986,0.3528760107913861,0.23433638367327542
99.9999999999986,0.21362179276121573,1.3985158185272502
99.9999999999986,-0.6963827646343954,3.6614935104147834
99.9999999999986,-0.7559947611034981,-10.258388960112894
99.9999999999986,1.5183567726621372,0.6581841448268099
99.9999999999986,0.20511003249415447,4.312735118568128
99.9999999999986,0.35991545707485745,8.724730284485133
99.9999999999986,-0.6854765397506298,19.48710775664392
99.9999999999986,-1.4313890393901723,0.6583386681088526
99.9999999999986,1.2762267027911371,9.691897824728043
99.9999999999986,1.842698304711432,0.8225389391259716
99.9999999999986,0.24071959289130535,3.681889044437553
99.9999999999986,0.6037885506864175,20.0830379080318
99.9999999999986,-1.4208010076624555,11.537589156923861
99.9999999999986,0.6666653051834845,5.024642575138309
99.9999999999986,1.7516514464406954,29.112494604447082
99.9999999999986,-0.10546955250713125,23.22688836542337
99.9999999999986,0.7949192822476534,8.325419392238194
99.9999999999986,1.4962511913134733,-2.075773383938654
99.9999999999986,1.063886179338981,5.146546410920812
99.9999999999986,-0.1741390517199453,20.441050181140284
99.9999999999986,1.805565144235973,14.824483505826677
99.9999999999986,2.4308187970047523e-2,-3.083896338920869
99.9999999999986,0.7538757834045496,-5.54916033345029
99.9999999999986,1.5282161520710666,-13.599867419700212
99.9999999999986,1.714063217708219,-4.492663276950374
99.9999999999986,1.3893467284252448,8.581108724004407
99.9999999999986,1.090329610026099,3.8830524534478
99.9999999999986,1.1377609974975647,18.925388456649006
99.9999999999986,0.6295162125781824,2.5369846949093513
99.9999999999986,0.39749195271793036,-2.0899314106284415
99.9999999999986,0.23703508305031445,-9.709186082851199
99.9999999999986,0.18975302385474618,11.946230881632207
99.9999999999986,-0.6130372291799061,-3.7603347370439684
99.9999999999986,-0.7013398035234674,-1.8107849026896397
99.9999999999986,-1.0216395603762707,25.915561421440426
99.9999999999986,-0.7927634454352726,27.12129575902226
99.9999999999986,-1.1646281924034245,-12.696549808233108
99.9999999999986,-0.8452123024877488,34.70128286006957
99.9999999999986,-0.5723886714512604,17.746382891677566
99.9999999999986,0.5552496097335639,-22.505565297924967
99.9999999999986,-2.67391829366559,16.194500256474154
99.9999999999986,-0.35052558843258064,34.7397807380628
99.9999999999986,-1.6324262490088755,17.010012031455762
99.9999999999986,0.568924889064865,-6.658125726260533
99.9999999999986,-0.2997738759988795,5.198223088549316
99.9999999999986,-1.4625220627596165,-3.5630343972024976
99.9999999999986,0.6233962814170988,0.10504378300154721
99.9999999999986,0.6140461288317864,23.062389137151587
99.9999999999986,0.773470604542209,-3.775992899965887
99.9999999999986,0.8620756127322674,23.040910502518084
99.9999999999986,0.5406985242405216,7.372321681754394
99.9999999999986,-0.31680790642575885,-19.951857355513283
99.9999999999986,-1.1601383177488738,15.192841932698107
99.9999999999986,-1.3775862249514486,-6.568564508140207
99.9999999999986,0.9223237230763878,31.092083398538094
99.9999999999986,0.7969352256402991,5.677063858725546
99.9999999999986,-0.9694802250192096,-13.385458450428317
99.9999999999986,-0.3997600543882439,-8.844816054898331
99.9999999999986,-1.0391996499886287,9.949141456588428
99.9999999999986,1.125594299080959,9.852586500292142
99.9999999999986,0.17479684597449896,-11.039947941563286
99.9999999999986,-0.2053280580759591,-1.5463091315975614
99.9999999999986,-0.5407577241295545,-31.699962532800566
99.9999999999986,0.6522664509153168,5.464198142796241
99.9999999999986,-1.8803217841599915,5.422077339295434
99.9999999999986,1.4478547156465538,-1.3966981790349493
99.9999999999986,-0.44164195591588246,29.389963074652368
99.9999999999986,-0.7231583993692647,10.657514989419983
99.9999999999986,0.8353507615442656,-12.234287571496925
99.9999999999986,1.3608463503106711,17.053826427907676
99.9999999999986,0.44859286684629557,13.350142856300423
99.9999999999986,0.28834523352371094,18.943300006702746
99.9999999999986,-2.7566923061857262e-2,14.199740398144108
