1405.41
35725.6699983
37062.2899986
53785.470002
54182.0300021
135725.669974
137062.289976
153785.469991
154182.029992
235725.670067
237062.290069
253785.470084
254182.030085
335725.670161
337062.290162
353785.470177
354182.030178
435725.670254
437062.290255
453785.470271
454182.030271
535725.670347
537062.290348
553785.470364
554182.030364
635725.67044
637062.290441
653785.470457
654182.030457
735725.670533
737062.290534
753785.47055
754182.03055
835725.670626
837062.290628
853785.470643
854182.030643
935725.670719
937062.290721
953785.470736
954182.030737
1035725.67081
1037062.29081
1053785.47083
1054182.03083
1135725.67091
1137062.29091
1153785.47092
1154182.03092
1235725.671
1237062.291
1253785.47102
1254182.03102
1335725.67109
1337062.29109
1353785.47111
1354182.03111
1435725.67119
1437062.29119
1453785.4712
1454182.0312
1535725.67128
1537062.29128
1553785.4713
1554182.0313
1635725.67137
1637062.29137
1653785.47139
1654182.03139
1735725.67146
1737062.29147
1753785.47148
1754182.03148
1835725.67156
1837062.29156
1853785.47157
1854182.03157
1935725.67165
1937062.29165
1953785.47167
1954182.03167
2035725.67174
2037062.29175
2053785.47176
2054182.03176
2135725.67094
2137062.29091
2153785.47054
2154182.03053
2235725.6687
2237062.28867
2253785.4683
2254182.02829
2335725.66647
2337062.28644
2353785.46606
2354182.02606
2435725.66423
2437062.2842
2453785.46383
