time,velocity
0.1,-6.716115187581839e-2
0.2,0.12753732366779819
0.30000000000000004,0.7323083637879594
0.4,0.12679208101092876
0.5,0.6226359780341402
0.6,0.38891996397900985
0.7,0.7661286391789437
0.7999999999999999,0.8883295182045005
0.8999999999999999,1.4201931674140202
0.9999999999999999,0.8587318757740532
1.0999999999999999,0.9213191548726246
1.2,1.28096029160775
1.3,1.4261206746611315
1.4000000000000001,2.0452541873268597
1.5000000000000002,2.0890144120879577
1.6000000000000003,1.5606071810955782
1.7000000000000004,2.4488278714441702
1.8000000000000005,2.704007342273719
1.9000000000000006,2.9365368449050737
2.0000000000000004,2.529628626632337
2.1000000000000005,1.4544492989701223
2.2000000000000006,1.306362766282624
2.3000000000000007,0.9090813352251006
2.400000000000001,0.8679020018933498
2.500000000000001,0.7865296480567269
2.600000000000001,1.074603017593509
2.700000000000001,0.7648337775251242
2.800000000000001,0.9751506977108249
2.9000000000000012,1.4931955422394219
3.0000000000000013,1.6138258588481724
3.1000000000000014,2.101439375167118
3.2000000000000015,1.336615982365396
3.3000000000000016,0.8713012143672187
3.4000000000000017,0.7363351951812962
3.5000000000000018,0.277665927472859
3.600000000000002,0.16821256844683763
3.700000000000002,0.8306862218022182
3.800000000000002,0.8319498076729034
3.900000000000002,1.1153055455505643
4.000000000000002,0.7019679237505408
4.100000000000001,0.8509904426737622
4.200000000000001,0.21307376232842934
4.300000000000001,0.574220631115143
4.4,0.5806013738638054
4.5,0.4625227775882629
4.6,0.7977665821881965
4.699999999999999,1.0266478342966223
4.799999999999999,0.5750928824634378
4.899999999999999,0.3004752796305562
4.999999999999998,-0.25157221022005377
5.099999999999998,0.12124165354675989
5.1999999999999975,-2.0106455442670743e-2
5.299999999999997,-0.24332779252804973
5.399999999999997,-0.7310674083548696
5.4999999999999964,-0.7545417177094508
5.599999999999996,-0.2539542904088935
5.699999999999996,-0.1840968380349504
5.799999999999995,0.2632592247565258
5.899999999999995,0.5881909572769107
5.999999999999995,0.5191459557408613
6.099999999999994,0.9663559776360664
6.199999999999994,0.3624726394729162
6.299999999999994,0.7927497551712885
6.399999999999993,0.9239465721790235
6.499999999999993,1.1110087498342351
6.5999999999999925,0.6147337633647034
6.699999999999992,1.8001571869929789
6.799999999999992,1.6694673257021748
6.8999999999999915,1.0583364759413556
6.999999999999991,1.2480916303390157
7.099999999999991,1.7241203017167899
7.19999999999999,2.2649673115260622
7.29999999999999,2.954097654108663
7.39999999999999,2.285373609026772
7.499999999999989,2.391312334553173
7.599999999999989,1.8218038580704623
7.699999999999989,1.1694242374745814
7.799999999999988,1.2549914085196419
7.899999999999988,1.0742075078647597
7.999999999999988,0.5738616516718811
8.099999999999987,0.4364722410832667
8.199999999999987,7.3353754461782e-2
8.299999999999986,-8.954388956721043e-4
8.399999999999986,0.5393899818664467
8.499999999999986,0.32790628022487167
8.599999999999985,8.616954001357296e-2
8.699999999999985,-0.6268435612784021
8.799999999999985,-0.14674347086345807
8.899999999999984,-1.4144903424696237e-2
8.999999999999984,0.16927859397834813
9.099999999999984,0.6254868150582181
9.199999999999983,0.6188910006943117
9.299999999999983,0.41676850639579055
9.399999999999983,-4.5105261999448476e-2
9.499999999999982,-0.13156731149659545
9.599999999999982,0.31518794253685295
9.699999999999982,0.350082764075639
9.799999999999981,0.6874602695848734
9.89999999999998,0.2038386275495217
9.99999999999998,-0.14118485509885054
10.09999999999998,0.10621326853957183
10.19999999999998,-0.47709517224852344
10.29999999999998,-1.1869388141150208
10.399999999999979,-0.347054899695181
10.499999999999979,-1.174691055374363
10.599999999999978,-1.5251149372396904
10.699999999999978,-1.7686122413053182
10.799999999999978,-1.8902134993288764
10.899999999999977,-2.033842704694975
10.999999999999977,-2.773623593096644
11.099999999999977,-2.6972797108751774
11.199999999999976,-3.1424172981542005
11.299999999999976,-1.992483977088197
11.399999999999975,-1.3661542065906356
11.499999999999975,-1.5165721415345055
11.599999999999975,-1.3630134623025716
11.699999999999974,-1.216619008105431
11.799999999999974,-1.1935323089673917
11.899999999999974,-0.5044758125460989
11.999999999999973,-0.8238388422607059
12.099999999999973,-0.8041788874820623
12.199999999999973,-0.7592280844512195
12.299999999999972,-0.6247122559990564
12.399999999999972,-0.7494128496510765
12.499999999999972,0.24399541035916728
12.599999999999971,0.4891124523551406
12.69999999999997,0.8175924954527789
12.79999999999997,1.0707845072481792e-3
12.89999999999997,-0.15605664742088524
12.99999999999997,-0.9067070590858928
13.09999999999997,-0.6390917131983607
13.199999999999969,-0.5103355778538121
13.299999999999969,-0.9853344101950126
13.399999999999968,-0.8576758426723481
13.499999999999968,-0.9690518132881565
13.599999999999968,-0.4294402233743944
13.699999999999967,-1.6448571070538738
13.799999999999967,-1.459844828013943
13.899999999999967,-1.4235215566111699
13.999999999999966,-1.2086073873741103
14.099999999999966,-1.6316050467846037
14.199999999999966,-1.1517139571288078
14.299999999999965,-1.1494369507160784
14.399999999999965,-0.9709079742848883
14.499999999999964,-1.0653947938311865
14.599999999999964,-1.5015766635892853
14.699999999999964,-1.570380260160957
14.799999999999963,-1.6496887316604831
14.899999999999963,-1.633462611267399
14.999999999999963,-1.0124352477283192
15.099999999999962,-0.9816064575917925
15.199999999999962,-0.7657647707498184
15.299999999999962,-0.575991878136691
15.399999999999961,-1.1230496815388973
15.499999999999961,-1.1201851892625156
15.59999999999996,-0.1417309783259989
15.69999999999996,0.19210943950261616
15.79999999999996,-7.214385971796403e-2
15.89999999999996,-0.23438574579122473
15.99999999999996,-0.4193329611907608
16.09999999999996,0.1389680780524935
16.19999999999996,0.3819722558307509
16.29999999999996,0.4162706737242976
16.399999999999963,0.3630950780688015
16.499999999999964,0.4540856564688558
16.599999999999966,-4.740129544066618e-2
16.699999999999967,0.24898032653433594
16.79999999999997,0.3176383416019905
16.89999999999997,0.5858768947636587
16.99999999999997,0.34264586857760093
17.099999999999973,0.2127288635267538
17.199999999999974,6.1773738149607765e-2
17.299999999999976,-1.0924594147523142e-2
17.399999999999977,0.5272243196861613
17.49999999999998,-0.2763910062566597
17.59999999999998,0.2865283205065092
17.69999999999998,0.30812503068011676
17.799999999999983,0.4258104327856963
17.899999999999984,0.5997366212376205
17.999999999999986,0.713899057614029
18.099999999999987,0.2138393422718421
18.19999999999999,-0.1496138748876124
18.29999999999999,-0.2751154947714835
18.39999999999999,5.51517799793147e-2
18.499999999999993,0.48370789033753914
18.599999999999994,1.4792437590985879
18.699999999999996,1.3125299360167488
18.799999999999997,0.9593997244990391
18.9,0.8408016563096882
19.0,-0.5167477746096587
19.1,-0.36589376834544857
19.200000000000003,-0.8974621210847314
19.300000000000004,-0.5793738973586027
19.400000000000006,-0.7469015971756714
19.500000000000007,-1.314839845207758
19.60000000000001,-1.3383099623013104
19.70000000000001,-1.564869441120016
19.80000000000001,-1.5209207162729994
19.900000000000013,-1.5287114804035657
20.000000000000014,-1.6131836276467395
20.100000000000016,-2.02212359884481
20.200000000000017,-2.0276370650693836
20.30000000000002,-1.5880020107033663
20.40000000000002,-1.437124000959109
20.50000000000002,-1.4451872582481289
20.600000000000023,-1.909105648204477
20.700000000000024,-1.7082376917731663
20.800000000000026,-1.6709579898676343
20.900000000000027,-1.543575757955837
21.00000000000003,-1.532970609003862
21.10000000000003,-2.139849425395991
21.20000000000003,-1.8539566099153924
21.300000000000033,-2.1178143394641187
21.400000000000034,-2.0963070240327295
21.500000000000036,-1.5345826997498744
21.600000000000037,-0.7305875111232847
21.70000000000004,-1.1125206650796229
21.80000000000004,-1.101684151762302
21.90000000000004,-1.1252155328068452
22.000000000000043,-0.3062139886288908
22.100000000000044,0.41139038899605984
22.200000000000045,-0.6791418336261809
22.300000000000047,-0.4953817443937103
22.40000000000005,-0.4256818486955492
22.50000000000005,-0.1111463614679048
22.60000000000005,3.685673830545466e-3
22.700000000000053,0.12329632464999413
22.800000000000054,-0.6149800159406007
22.900000000000055,-0.6949599036584955
23.000000000000057,-0.4511920366124865
23.10000000000006,-0.12032457434593102
23.20000000000006,0.22562777676546333
23.30000000000006,0.20380645468554978
23.400000000000063,0.11996094658971501
23.500000000000064,-0.2037794381326704
23.600000000000065,0.3452626772603843
23.700000000000067,-0.8787021658945042
23.800000000000068,-0.9047824623359395
23.90000000000007,-0.5095770494933285
24.00000000000007,-1.0784434542449628
24.100000000000072,-1.5454310084514091
24.200000000000074,-1.619467070744507
24.300000000000075,-1.7029276839463199
24.400000000000077,-1.5638267580125569
24.500000000000078,-1.6389483770183608
24.60000000000008,-1.2328119826428539
24.70000000000008,-1.2600621820105318
24.800000000000082,-0.3375815128466473
24.900000000000084,0.1249548925354439
25.000000000000085,0.16930075045056187
25.100000000000087,-0.4200464725236869
25.200000000000088,-0.9253122913347032
25.30000000000009,-0.7639732046924215
25.40000000000009,-0.5498068728025473
25.500000000000092,-0.8389944996188778
25.600000000000094,0.12577083043214798
25.700000000000095,-0.23517546774084935
25.800000000000097,-0.3691586695198004
25.900000000000098,-0.45211105965685544
26.0000000000001,9.519342548405357e-2
26.1000000000001,0.33097335637452324
26.200000000000102,-0.742810212635578
26.300000000000104,-0.19916558097607684
26.400000000000105,-0.1559385754189519
26.500000000000107,-0.661588189941619
26.600000000000108,-1.275480548223097
26.70000000000011,-1.756366643556773
26.80000000000011,-1.4114884362844193
26.900000000000112,-1.2334444316686843
27.000000000000114,-1.3370568076230647
27.100000000000115,-0.5461129266012157
27.200000000000117,-0.9384150322331372
27.300000000000118,-0.5872567728598304
27.40000000000012,-1.0996823641657432
27.50000000000012,-0.6476103777166161
27.600000000000122,-0.33362366429881657
27.700000000000124,-0.32618725420714356
27.800000000000125,-0.7471724329561504
27.900000000000126,-0.1898654802567334
28.000000000000128,-0.5890065089551353
28.10000000000013,-0.5593470875865405
28.20000000000013,-0.30814803805089364
28.300000000000132,-0.23867339069453228
28.400000000000134,0.132551859995372
28.500000000000135,0.1883948634951783
28.600000000000136,0.8894237480582626
28.700000000000138,0.6859076867101269
28.80000000000014,0.7400664712308155
28.90000000000014,0.8175861741902968
29.000000000000142,0.27429148414069193
29.100000000000144,0.5771365939220288
29.200000000000145,3.7285749417703684e-2
29.300000000000146,-0.16299554106738595
29.400000000000148,-0.8218124742358022
29.50000000000015,-0.690181839162927
29.60000000000015,-1.4104613798959846
29.700000000000152,-0.8465979560919203
29.800000000000153,-0.6224384370730691
29.900000000000155,-0.15736590446304832
30.000000000000156,0.23807192685053497
30.100000000000158,-0.5294890682405275
30.20000000000016,-0.4138315481634975
30.30000000000016,1.55878521578795e-3
30.400000000000162,0.2106609736670137
30.500000000000163,-0.14985802233846332
30.600000000000165,-1.1514840629426386
30.700000000000166,-1.1600614229030695
30.800000000000168,-1.1978757293008333
30.90000000000017,-1.1920831741003004
31.00000000000017,-1.6024961072036077
31.100000000000172,-1.5245384382926965
31.200000000000173,-0.8976361819292649
31.300000000000175,-0.4134708988060435
31.400000000000176,-0.809200532094478
31.500000000000178,-1.3854812469419673
31.60000000000018,-1.0726596370269599
31.70000000000018,-0.7224030669830679
31.800000000000182,-0.7571476474735311
31.900000000000183,-0.8972979236742122
32.000000000000185,-0.26089205571066065
32.100000000000186,0.11000756119141333
32.20000000000019,-0.7781462514915646
32.30000000000019,-1.026046196038963
32.40000000000019,-0.9103752572152708
32.50000000000019,-0.2593605267294369
32.60000000000019,-2.4864822009171172e-2
32.700000000000195,-0.13692361910985903
32.800000000000196,-0.8400988568051442
32.9000000000002,-0.9807430448169531
33.0000000000002,-0.8158826076044605
33.1000000000002,0.243666812599435
33.2000000000002,1.366539295805153
33.3000000000002,2.187341737139579
33.400000000000205,1.6930786362264088
33.500000000000206,1.261727249724829
33.60000000000021,0.9913380026332265
33.70000000000021,1.1441853488598317
33.80000000000021,0.4189592043128827
33.90000000000021,0.11774803819853702
34.00000000000021,-0.11505928570271433
34.100000000000215,0.5706827218641
34.200000000000216,1.5752950153279484
34.30000000000022,1.5930726521491634
34.40000000000022,1.4019682013694048
34.50000000000022,2.2566883707728635e-2
34.60000000000022,-0.6343208012984545
34.70000000000022,-0.657781353996636
34.800000000000225,-0.802081190189187
34.900000000000226,-1.471047848918507
35.00000000000023,-1.2489607019340832
35.10000000000023,-0.22699777435759128
35.20000000000023,0.5587188507272103
35.30000000000023,0.41214818099603934
35.40000000000023,-0.6454501649827026
35.500000000000234,0.32565511147396065
35.600000000000236,0.14545587768683885
35.70000000000024,-0.5223847596970104
35.80000000000024,-0.38258541416317515
35.90000000000024,-0.5340451929267267
36.00000000000024,-0.1012294882684795
36.10000000000024,-0.2749472699539362
36.200000000000244,-0.7509742754865639
36.300000000000246,-1.3445016819928668
36.40000000000025,-0.5575657467170051
36.50000000000025,-0.18124823783039928
36.60000000000025,-0.40836254987434456
36.70000000000025,-0.5989334895690106
36.80000000000025,-0.3867518947432129
36.900000000000254,-0.6248309054232928
37.000000000000256,-0.822648662968662
37.10000000000026,-0.12745999578756995
37.20000000000026,-7.116040775019317e-2
37.30000000000026,-0.19486272755734776
37.40000000000026,-0.6378630043388417
37.50000000000026,-1.1487754786782762
37.600000000000264,-0.7389354327839011
37.700000000000266,-0.6027390885700896
37.80000000000027,-4.382838383986626e-2
37.90000000000027,7.333010655879066e-2
38.00000000000027,7.783688326618567e-2
38.10000000000027,-0.15730027680805253
38.20000000000027,-0.6080353690261177
38.300000000000274,-0.5788438860315015
38.400000000000276,-1.3623114466421107
38.50000000000028,-1.1763172874206407
38.60000000000028,-0.5030652198574758
38.70000000000028,-0.7601812857753363
38.80000000000028,-0.15791823223359647
38.90000000000028,-0.5444231360348011
39.000000000000284,-0.6596647868323503
39.100000000000286,-1.3489079593574775
39.20000000000029,-1.378249173438112
39.30000000000029,-1.8572524787034146
39.40000000000029,-1.1867522176592737
39.50000000000029,-1.166510694598875
39.60000000000029,-0.5014569838772496
39.700000000000294,-0.8687181585978971
39.800000000000296,-0.4076942288488382
39.9000000000003,-1.0017112758563207e-2
40.0000000000003,-0.4575168055020107
40.1000000000003,-0.15805671202443017
40.2000000000003,0.18993094698656188
40.3000000000003,-0.6341564989993398
40.400000000000304,-0.8207517799373183
40.500000000000306,-0.5235842067798793
40.60000000000031,-0.7301885337435305
40.70000000000031,-0.1367485441509102
40.80000000000031,-0.43845089089269823
40.90000000000031,-0.1399582233068724
41.00000000000031,2.5858309623132125e-3
41.100000000000314,0.665546846269979
41.200000000000315,0.3648332225450371
41.30000000000032,0.5950344418788225
41.40000000000032,1.047837065967718
41.50000000000032,1.1816741234637844
41.60000000000032,1.4331982250402029
41.70000000000032,1.4117358390182915
41.800000000000324,0.8399891451662211
41.900000000000325,0.8385350635745775
42.00000000000033,0.5009316946359867
42.10000000000033,0.8687267621690542
42.20000000000033,1.0092072955565379
42.30000000000033,0.9481117792813787
42.40000000000033,0.9115245738060593
42.500000000000334,1.1126041520643577
42.600000000000335,1.9070342977177117
42.70000000000034,1.4492673036869563
42.80000000000034,0.9507560944586662
42.90000000000034,0.3308132695375573
43.00000000000034,0.1645748594645843
43.10000000000034,0.3047098436354472
43.200000000000344,0.2503344337761714
43.300000000000345,0.555880789856869
43.40000000000035,0.7615790571380617
43.50000000000035,1.0092993391469347
43.60000000000035,0.5375242279076415
43.70000000000035,0.23533192626906158
43.80000000000035,-0.9206887700457982
43.900000000000354,-0.25442960905913203
44.000000000000355,-0.24426147999585635
44.10000000000036,-0.35378374861632944
44.20000000000036,0.26953811129434563
44.30000000000036,0.1806595924190426
44.40000000000036,0.10020741179275452
44.50000000000036,0.6099538259824898
44.600000000000364,0.9588076115996009
44.700000000000365,1.3791780533946474
44.80000000000037,0.2500574219048427
44.90000000000037,0.31320671085210716
45.00000000000037,0.9220576897315944
45.10000000000037,0.3325908277107337
45.20000000000037,1.0015762651167774
45.300000000000374,1.1916851201164151
45.400000000000375,0.5936265509480174
45.50000000000038,1.057447093829462
45.60000000000038,0.8366883024231162
45.70000000000038,0.7632886050506905
45.80000000000038,0.7386966042741264
45.90000000000038,0.5289263922517538
46.000000000000384,-0.13324662464906034
46.100000000000385,-0.9967828303135572
46.20000000000039,-2.014460398338115
46.30000000000039,-2.2435848860201935
46.40000000000039,-2.16503637171406
46.50000000000039,-1.6505754902647645
46.60000000000039,-1.792980185405988
46.700000000000394,-2.1381917964924146
46.800000000000395,-2.517359404987323
46.9000000000004,-1.6926853497401804
47.0000000000004,-1.0061888672153603
47.1000000000004,-1.1593124373720847
47.2000000000004,-1.628763267381164
47.3000000000004,-2.412601544835997
47.400000000000404,-1.0333878966308596
47.500000000000405,-0.8844819591367397
47.600000000000406,-0.30173404391935515
47.70000000000041,-0.42346042318363775
47.80000000000041,-0.6213456789711839
47.90000000000041,-0.41884836646710055
48.00000000000041,-0.48957243934292116
48.10000000000041,-1.1924052654818742
48.200000000000415,-2.169897269456221
48.300000000000416,-2.2304008611161676
48.40000000000042,-2.1232040191408332
48.50000000000042,-1.4152978357561325
48.60000000000042,-0.8305761270693923
48.70000000000042,-0.4110602580797979
48.80000000000042,-0.8055135938852998
48.900000000000425,-0.3295210657556662
49.000000000000426,-0.31750637459436787
49.10000000000043,-0.5678997012425862
49.20000000000043,-0.49687355255441373
49.30000000000043,-0.4537614972746691
49.40000000000043,-0.7146317275223633
49.50000000000043,-0.31854823626545425
49.600000000000435,-0.3118887404465104
49.700000000000436,-0.36840500197456627
49.80000000000044,-0.34481656318884457
49.90000000000044,-0.40938181545454616
50.00000000000044,-0.43289915458387174
50.10000000000044,-0.25012722188439473
50.20000000000044,0.6714232836949463
50.300000000000445,1.1282651122526013
50.400000000000446,1.4795981236839784
50.50000000000045,1.6803153993330022
50.60000000000045,1.733914325576195
50.70000000000045,1.2353776613080725
50.80000000000045,1.1147191336845546
50.90000000000045,1.178932585093899
51.000000000000455,1.3618156052946464
51.100000000000456,1.271529820211034
51.20000000000046,2.0508980700307635
51.30000000000046,2.052358316787561
51.40000000000046,1.8012716764029626
51.50000000000046,1.6454604662205774
51.60000000000046,1.1856902855645375
51.700000000000465,0.7752606016974986
51.800000000000466,0.5452673432368071
51.90000000000047,-8.687854007439322e-3
52.00000000000047,-3.791220023897885e-3
52.10000000000047,-0.11355115462526104
52.20000000000047,-0.8731466511038359
52.30000000000047,-0.3025230669038538
52.400000000000475,-0.9569848977565971
52.500000000000476,-0.20443056294110473
52.60000000000048,0.11232046524903783
52.70000000000048,0.19950703359396535
52.80000000000048,-0.22674094487904842
52.90000000000048,0.3721798410861752
53.00000000000048,0.7119861217166141
53.100000000000485,1.122523640273216
53.200000000000486,0.871167455187668
53.30000000000049,0.5870884070326193
53.40000000000049,0.9365298488449908
53.50000000000049,0.9418851204398353
53.60000000000049,1.1313545446325608
53.70000000000049,1.0148404095679178
53.800000000000495,1.4396314661750895
53.900000000000496,1.2962163837098026
54.0000000000005,0.867972620463002
54.1000000000005,0.9183523452794475
54.2000000000005,0.5172717185446034
54.3000000000005,0.8026513916237148
54.4000000000005,0.6648300556464309
54.500000000000504,1.269770882266175
54.600000000000506,1.3921093472574706
54.70000000000051,1.9379130262660516
54.80000000000051,2.741481418646157
54.90000000000051,3.5166673335586394
55.00000000000051,3.743193207092327
55.10000000000051,3.6308281482105933
55.200000000000514,3.7378391355497707
55.300000000000516,3.774715282017373
55.40000000000052,3.5315087844863258
55.50000000000052,2.9558459265256247
55.60000000000052,3.025246050905195
55.70000000000052,2.535358550111811
55.80000000000052,2.4094609499431914
55.900000000000524,1.580860145179717
56.000000000000526,1.9989572787331014
56.10000000000053,1.789654720893477
56.20000000000053,1.2616410989205964
56.30000000000053,0.8400737558839038
56.40000000000053,0.3827543972827756
56.50000000000053,-0.2623750235243573
56.600000000000534,-0.3114427183245508
56.700000000000536,-0.30261505277615647
56.80000000000054,-0.3362693818549346
56.90000000000054,-0.15525842824005223
57.00000000000054,-0.5796475454226904
57.10000000000054,-0.5519680594847296
57.20000000000054,-0.4625368770064499
57.300000000000544,-1.186568712500757
57.400000000000546,-1.5442982724931498
57.50000000000055,-1.3889284844153664
57.60000000000055,-1.5134786089136847
57.70000000000055,-1.2204727675389546
57.80000000000055,-1.794520464331311
57.90000000000055,-2.4957499328504382
58.000000000000554,-2.032202238067248
58.100000000000556,-1.1985143186640406
58.20000000000056,-0.7861720602185729
58.30000000000056,-0.29780088815546785
58.40000000000056,-0.22264348391549038
58.50000000000056,-0.3455084096280501
58.60000000000056,-0.5528850492486989
58.700000000000564,-0.11532552711535737
58.800000000000566,-0.3173502062741901
58.90000000000057,-0.10381870448364508
59.00000000000057,-0.7225653565698774
59.10000000000057,-0.3330054616602607
59.20000000000057,-0.38044155005685
59.30000000000057,-0.7168908525063802
59.400000000000574,-0.6561941774599616
59.500000000000576,-0.3822618132868627
59.60000000000058,0.3338583982267357
59.70000000000058,0.41261183479421176
59.80000000000058,0.5951857182224837
59.90000000000058,0.10297899880288036
60.00000000000058,0.14808405378372777
60.100000000000584,0.42407758904463316
60.200000000000585,0.20380639290285604
60.30000000000059,-0.17304709862465031
60.40000000000059,-0.7478537712247095
60.50000000000059,-0.8556268248758636
60.60000000000059,-0.9801887038616889
60.70000000000059,-0.7971657290223351
60.800000000000594,-0.6975880186714124
60.900000000000595,-1.2838576289728405
61.0000000000006,-0.6553660127630014
61.1000000000006,-0.3042914714443843
61.2000000000006,0.6596470595048006
61.3000000000006,0.8723028761070515
61.4000000000006,0.9248879638317069
61.500000000000604,1.0581673797603965
61.600000000000605,1.0970889679142943
61.70000000000061,0.5984191429092002
61.80000000000061,5.151595546985149e-2
61.90000000000061,0.264637020473996
62.00000000000061,-0.5726756974152991
62.10000000000061,1.6532868881746987e-2
62.200000000000614,-0.23212839321977127
62.300000000000615,-0.4402773022156186
62.40000000000062,-0.4464023040581615
62.50000000000062,-1.2711551179137173
62.60000000000062,-0.7345389510698022
62.70000000000062,-0.7810787845296384
62.80000000000062,-1.075241910326528
62.900000000000624,-0.9773871785368939
63.000000000000625,-1.6584461041322207
63.10000000000063,-1.7631722755147372
63.20000000000063,-1.6257818280996212
63.30000000000063,-1.381094056911218
63.40000000000063,-1.4285055126545876
63.50000000000063,-1.9692051490839848
63.600000000000634,-1.3742074952079981
63.700000000000635,-0.5593891166053566
63.80000000000064,-6.725069445613208e-2
63.90000000000064,-0.14920378797464887
64.00000000000064,-0.17607035429851742
64.10000000000063,-0.6700577505730394
64.20000000000063,-0.35575506695122067
64.30000000000062,-0.3525733825586702
64.40000000000062,-0.31439691942055836
64.50000000000061,-0.31669480020344676
64.6000000000006,-0.7036791255947501
64.7000000000006,-0.523456248561555
64.8000000000006,-0.6357679153579368
64.90000000000059,-0.7828452446019617
65.00000000000058,-0.27683541856949434
65.10000000000058,-0.8989634579700405
65.20000000000057,-0.4266857511248846
65.30000000000057,-0.42964210919491436
65.40000000000056,-0.15856626970656154
65.50000000000055,-0.7018998975796165
65.60000000000055,-0.4510714854308348
65.70000000000054,-0.760356150192034
65.80000000000054,-0.6761145912467508
65.90000000000053,-0.5549356821783192
66.00000000000053,-0.8411442949804739
66.10000000000052,-1.1793869476038048
66.20000000000051,-1.2333374602735057
66.30000000000051,-1.3544321450515966
66.4000000000005,-0.9016835720436893
66.5000000000005,-0.514898382528284
66.60000000000049,-0.7323448204849834
66.70000000000049,-0.21056534872770472
66.80000000000048,0.31265683481089845
66.90000000000047,0.12645388029431123
67.00000000000047,0.16991909201920358
67.10000000000046,0.2140282640785601
67.20000000000046,0.37641581031693694
67.30000000000045,0.8933981464912877
67.40000000000045,1.0195777992166577
67.50000000000044,1.3325689495844206
67.60000000000043,0.7521586951056407
67.70000000000043,0.9860389073287812
67.80000000000042,1.2735901161534
67.90000000000042,1.1862082104537894
68.00000000000041,0.2901861149740115
68.1000000000004,0.8854746927887126
68.2000000000004,0.7155009888356921
68.3000000000004,0.31512213265070943
68.40000000000039,1.4169925206945628
68.50000000000038,0.7180310260573874
68.60000000000038,1.255496945247796
68.70000000000037,1.2468200999179233
68.80000000000037,0.8396215972530181
68.90000000000036,0.7799421086195869
69.00000000000036,1.0031924197270041
69.10000000000035,0.6382949543429055
69.20000000000034,0.7516671573156606
69.30000000000034,1.0787542235018226
69.40000000000033,0.7759990463869575
69.50000000000033,0.7066558886206271
69.60000000000032,0.4817837975281971
69.70000000000032,0.9247543320382172
69.80000000000031,0.19439585302898055
69.9000000000003,0.21268304873814903
70.0000000000003,-1.4617826058511696e-3
70.10000000000029,-0.537193664679181
70.20000000000029,-0.4832851966765693
70.30000000000028,-0.30198043518711354
70.40000000000028,-0.6036871436427775
70.50000000000027,-0.1658399259299232
70.60000000000026,-0.8211602317889161
70.70000000000026,-0.732384206098296
70.80000000000025,-1.3768019522101933
70.90000000000025,-1.2899523429782507
71.00000000000024,-0.6526876179161297
71.10000000000024,-1.5960330386111536
71.20000000000023,-1.1266490047542475
71.30000000000022,-0.6590494226340378
71.40000000000022,4.186145368373606e-2
71.50000000000021,-0.19839447278968234
71.60000000000021,0.3190010077140715
71.7000000000002,0.296451887355085
71.8000000000002,0.47089510870295853
71.90000000000019,1.1189890748056772
72.00000000000018,1.0381026601257621
72.10000000000018,1.1295691883605605
72.20000000000017,0.6192553591863422
72.30000000000017,0.9720983108259429
72.40000000000016,0.6204559199518195
72.50000000000016,0.5851280126159235
72.60000000000015,0.20186163621284609
72.70000000000014,-0.1434867974723214
72.80000000000014,0.46031181654872516
72.90000000000013,0.29387482511376495
73.00000000000013,-0.14654543505155665
73.10000000000012,-0.8929131684837274
73.20000000000012,-0.7721120359900003
73.30000000000011,-0.6128366384816074
73.4000000000001,-0.9993072979458795
73.5000000000001,-0.2946787399155907
73.6000000000001,-0.5549395164059987
73.70000000000009,-0.6509229953657482
73.80000000000008,-0.3136911651333372
73.90000000000008,-0.2679113308235797
74.00000000000007,-0.26044510789432795
74.10000000000007,-7.16220875248317e-2
74.20000000000006,-0.3139161363766336
74.30000000000005,2.670242768535691e-2
74.40000000000005,3.528452332495364e-2
74.50000000000004,-0.23664251906487074
74.60000000000004,0.492646151174157
74.70000000000003,5.274131003440152e-3
74.80000000000003,0.3120616566335249
74.90000000000002,-4.667169496950485e-2
75.00000000000001,-0.46514781833584573
75.10000000000001,-0.41116984295345804
75.2,-0.32661241601762564
75.3,-0.30404519795512763
75.39999999999999,-0.9759004984690871
75.49999999999999,-0.24497672929709924
75.59999999999998,-1.1165685116092436
75.69999999999997,-1.8732477864029375
75.79999999999997,-1.2975116409809457
75.89999999999996,-0.807437997279159
75.99999999999996,-0.44224169329970425
76.09999999999995,-0.13115912577608035
76.19999999999995,0.28832428745112104
76.29999999999994,0.9275605820895185
76.39999999999993,-7.178773852112208e-2
76.49999999999993,3.502040676820174e-2
76.59999999999992,-0.4138559250639977
76.69999999999992,-0.2885958870133326
76.79999999999991,-0.6422830143500128
76.8999999999999,-0.5519644205200038
76.9999999999999,-0.33343704435263427
77.0999999999999,-6.262973891442022e-2
77.19999999999989,-0.48085433901181507
77.29999999999988,-0.13010005177376388
77.39999999999988,-6.033784008266252e-2
77.49999999999987,0.45021319892524003
77.59999999999987,0.3695392839654731
77.69999999999986,0.13486084196400008
77.79999999999986,0.6359848169279568
77.89999999999985,0.45708841752902135
77.99999999999984,0.3594664772412533
78.09999999999984,-0.12763672210738602
78.19999999999983,0.21915297198944472
78.29999999999983,0.6437217080037387
78.39999999999982,0.6213677692611549
78.49999999999982,-8.831519255645448e-2
78.59999999999981,-0.3408061505068819
78.6999999999998,-0.9006130285140843
78.7999999999998,-1.1043664771919677
78.89999999999979,-0.3384513868545833
78.99999999999979,-0.7702035218212464
79.09999999999978,-0.20920598711927063
79.19999999999978,-1.0552294079067872
79.29999999999977,-0.27669890448620227
79.39999999999976,-0.3994047140967838
79.49999999999976,-0.9634744841873667
79.59999999999975,-0.6207470610503302
79.69999999999975,0.441414853751094
79.79999999999974,1.2827373269004492
79.89999999999974,1.2561346987560675
79.99999999999973,1.1290286867169086
80.09999999999972,0.775999781076698
80.19999999999972,0.6676713077772375
80.29999999999971,0.7840228724102031
80.39999999999971,0.7681248128510602
80.4999999999997,0.17444069992222766
80.5999999999997,-0.13655688380762854
80.69999999999969,-0.20424297227175692
80.79999999999968,-0.40551823110819746
80.89999999999968,-0.3762986623727913
80.99999999999967,0.18181437470061268
81.09999999999967,-1.3818137360403132e-2
81.19999999999966,0.3570673387775973
81.29999999999966,-5.188337502632179e-2
81.39999999999965,-0.20864810590214736
81.49999999999964,0.7401775432885684
81.59999999999964,0.8285213163659876
81.69999999999963,0.4599322295550384
81.79999999999963,0.5650838981400844
81.89999999999962,0.700461378645205
81.99999999999962,0.7687915541619408
82.09999999999961,0.7505438702129599
82.1999999999996,1.1045667123398166
82.2999999999996,0.7893700866850559
82.3999999999996,0.9245765105074149
82.49999999999959,0.5972442137016235
82.59999999999958,-0.5778117244433012
82.69999999999958,-0.6415469532876283
82.79999999999957,-0.24150502958660686
82.89999999999957,2.8688097980266447e-2
82.99999999999956,3.796572687325848e-2
83.09999999999955,-8.243969074130514e-2
83.19999999999955,-0.733881804750597
83.29999999999954,-0.975371296600509
83.39999999999954,-1.0144687261769303
83.49999999999953,-1.4747148977010167
83.59999999999953,-0.3032077584655837
83.69999999999952,-7.550493456313809e-2
83.79999999999951,-0.30490933149505534
83.89999999999951,-0.7151316661295801
83.9999999999995,-0.2675044158750695
84.0999999999995,-0.3430611060409692
84.19999999999949,0.7926482508360757
84.29999999999949,1.0791870805601778
84.39999999999948,0.41456844998007847
84.49999999999947,0.7179827954982693
84.59999999999947,0.7374147637211816
84.69999999999946,0.38685169996185437
84.79999999999946,0.9892185380983616
84.89999999999945,1.1968861240202597
84.99999999999945,0.2702256513726575
85.09999999999944,0.5838026275903487
85.19999999999943,0.533149966411475
85.29999999999943,0.5680914571470168
85.39999999999942,1.1720849475434907
85.49999999999942,1.8345205174197619
85.59999999999941,1.7262929910162619
85.6999999999994,1.6305262664710813
85.7999999999994,1.77050600278766
85.8999999999994,2.0607350124068717
85.99999999999939,1.9230966945138082
86.09999999999938,1.191397129355332
86.19999999999938,1.6293948429719731
86.29999999999937,1.139765276312124
86.39999999999937,1.2284918579203057
86.49999999999936,0.5099329288119978
86.59999999999935,0.23799585453875557
86.69999999999935,-0.15744062011079155
86.79999999999934,0.5102694184750317
86.89999999999934,0.8732640004647908
86.99999999999933,1.0263703748263213
87.09999999999933,0.6097714983776554
87.19999999999932,0.44549144606657043
87.29999999999932,0.8911309719249181
87.39999999999931,0.7120243175250662
87.4999999999993,0.9121721588343065
87.5999999999993,0.9530727886153234
87.69999999999929,0.76241789269227
87.79999999999929,0.596743123946922
87.89999999999928,-0.29122818987792065
87.99999999999928,-0.34615864985335315
88.09999999999927,0.4232309933019642
88.19999999999926,1.4493993749346727
88.29999999999926,0.8512187485632792
88.39999999999925,0.5833043989582862
88.49999999999925,6.547662145714583e-2
88.59999999999924,-0.8452941628262217
88.69999999999924,-0.186760733501255
88.79999999999923,0.64200970267256
88.89999999999922,0.5561155116160522
88.99999999999922,0.3995445847052079
89.09999999999921,0.47926492447448626
89.1999999999992,-9.556126835273265e-2
89.2999999999992,0.25874957393631837
89.3999999999992,3.21522745203702e-2
89.49999999999919,0.1998474798400357
89.59999999999918,-0.384709628133245
89.69999999999918,-0.8116465857139454
89.79999999999917,-1.04283767352512
89.89999999999917,-0.34897072051928846
89.99999999999916,-0.3427964731042719
90.09999999999916,-3.9790690478938684e-2
90.19999999999915,0.8037297352650876
90.29999999999914,0.6871801250520575
90.39999999999914,1.5933241007526349
90.49999999999913,1.9957624393438338
90.59999999999913,1.7115515480916588
90.69999999999912,0.7007436008218951
90.79999999999912,0.780143393571494
90.89999999999911,0.3233676572855372
90.9999999999991,0.3778674947835001
91.0999999999991,0.26503178348027484
91.1999999999991,0.36326861423189716
91.29999999999909,0.2505224367726888
91.39999999999908,0.15088018012218501
91.49999999999908,0.43354858820262143
91.59999999999907,0.24064171664632927
91.69999999999906,-0.733682861035942
91.79999999999906,-1.1309956107939854
91.89999999999905,-0.6786132378119815
91.99999999999905,-1.9136176201540298
92.09999999999904,-2.512124702463977
92.19999999999904,-2.114010684333392
92.29999999999903,-1.7939724897306497
92.39999999999903,-1.6802054926178596
92.49999999999902,-2.0877482587944147
92.59999999999901,-2.1633971026777714
92.69999999999901,-2.340119263870352
92.799999999999,-2.0972558268325012
92.899999999999,-2.1451029593692144
92.99999999999899,-1.4055265956038632
93.09999999999899,-1.224030842727967
93.19999999999898,-1.5159358778283507
93.29999999999897,-1.6076452634215808
93.39999999999897,-1.6768691654180763
93.49999999999896,-1.2001131088203685
93.59999999999896,-1.1932399802587064
93.69999999999895,-1.4239503508262907
93.79999999999895,-0.49549024182459767
93.89999999999894,-0.8970986058332555
93.99999999999893,-6.479655959968411e-2
94.09999999999893,-0.8157578524936753
94.19999999999892,-0.22557338491840317
94.29999999999892,0.40973863532336824
94.39999999999891,-0.5908506089459825
94.4999999999989,-0.7288386043575305
94.5999999999989,-0.23125358766002468
94.6999999999989,0.16137632102917226
94.79999999999889,0.14737235163363702
94.89999999999888,-0.1376021353520841
94.99999999999888,-1.436920125821787
95.09999999999887,-0.6125827371896189
95.19999999999887,-1.1830309867241406
95.29999999999886,-1.561738759302504
95.39999999999885,-1.4009653102917505
95.49999999999885,-1.1671988063763084
95.59999999999884,-0.8885822984688706
95.69999999999884,-0.6551761373816248
95.79999999999883,-0.8897846069740201
95.89999999999883,-0.27823767429325796
95.99999999999882,-0.6907843847452497
96.09999999999881,-0.31366776955715747
96.19999999999881,0.25344549651932125
96.2999999999988,-0.2810125222195884
96.3999999999988,0.1592550782457159
96.49999999999879,3.3845241622977765e-2
96.59999999999879,-0.43294961049050595
96.69999999999878,-0.5476222550155616
96.79999999999878,-0.26622944407785176
96.89999999999877,-0.29706883152150526
96.99999999999876,-0.9631288188634943
97.09999999999876,-1.0934571960785138
97.19999999999875,-1.4856851422899617
97.29999999999875,-1.417788373907317
97.39999999999874,-2.204266358238252
97.49999999999874,-2.6556422974762883
97.59999999999873,-2.659460381340475
97.69999999999872,-2.0964931349942453
97.79999999999872,-2.4236424192828885
97.89999999999871,-2.0441777311579985
97.9999999999987,-1.7648206703244234
98.0999999999987,-0.9568385965745012
98.1999999999987,-0.7704646071169846
98.29999999999869,-0.47640137762140244
98.39999999999868,-8.441030547443129e-2
98.49999999999868,0.12439043408843423
98.59999999999867,0.5731743709196698
98.69999999999867,0.6743716505666066
98.79999999999866,1.0983424967665427
98.89999999999866,0.7144582799000261
98.99999999999865,0.2767140603588623
99.09999999999864,0.4923089003659561
99.19999999999864,0.42501124820559305
99.29999999999863,0.3668076097823824
99.39999999999863,0.6208855986496571
99.49999999999862,0.9955857205976986
99.59999999999862,1.440632269692152
99.69999999999861,1.1733141396565983
99.7999999999986,1.3170726170413447
99.8999999999986,1.5167818851341632
99.9999999999986,1.1632162212787596
