                       * its a single compartment neuron.
                       Transient Analysis  Fri Mar 10 17:42:00  2017
--------------------------------------------------------------------------------
Index   time            v(b)            
--------------------------------------------------------------------------------
0	0.000000e+00	6.000000e-02	
1	1.000000e-12	6.000000e-02	
2	2.000000e-12	6.000000e-02	
3	4.000000e-12	6.000000e-02	
4	8.000000e-12	6.000000e-02	
5	1.600000e-11	6.000000e-02	
6	3.200000e-11	6.000000e-02	
7	6.400000e-11	6.000000e-02	
8	1.000000e-10	6.000000e-02	
9	1.064000e-10	6.000000e-02	
10	1.192000e-10	6.000000e-02	
11	1.448000e-10	6.000000e-02	
12	1.960000e-10	6.000000e-02	
13	2.984000e-10	6.000000e-02	
14	5.032000e-10	6.000000e-02	
15	9.128000e-10	6.000000e-02	
16	1.732000e-09	5.999999e-02	
17	3.370400e-09	5.999999e-02	
18	6.647200e-09	5.999998e-02	
19	1.320080e-08	5.999996e-02	
20	2.630800e-08	5.999992e-02	
21	5.252240e-08	5.999983e-02	
22	1.049512e-07	5.999967e-02	
23	2.098088e-07	5.999933e-02	
24	4.195240e-07	5.999866e-02	
25	8.389544e-07	5.999733e-02	
26	1.677815e-06	5.999466e-02	
27	2.677815e-06	5.999148e-02	
28	3.677815e-06	5.998830e-02	
29	4.677815e-06	5.998511e-02	
30	5.677815e-06	5.998193e-02	
31	6.677815e-06	5.997875e-02	
32	7.677815e-06	5.997557e-02	
33	8.677815e-06	5.997239e-02	
34	9.677815e-06	5.996921e-02	
35	1.067782e-05	5.996603e-02	
36	1.167782e-05	5.996285e-02	
37	1.267782e-05	5.995967e-02	
38	1.367782e-05	5.995649e-02	
39	1.467782e-05	5.995331e-02	
40	1.567782e-05	5.995014e-02	
41	1.667782e-05	5.994696e-02	
42	1.767782e-05	5.994378e-02	
43	1.867782e-05	5.994060e-02	
44	1.967782e-05	5.993743e-02	
45	2.067782e-05	5.993425e-02	
46	2.167782e-05	5.993107e-02	
47	2.267782e-05	5.992790e-02	
48	2.367782e-05	5.992472e-02	
49	2.467782e-05	5.992155e-02	
50	2.567782e-05	5.991837e-02	
51	2.667782e-05	5.991520e-02	
52	2.767782e-05	5.991202e-02	
53	2.867782e-05	5.990885e-02	
54	2.967782e-05	5.990567e-02	

Index   time            v(b)            
--------------------------------------------------------------------------------
55	3.067782e-05	5.990250e-02	
56	3.167782e-05	5.989933e-02	
57	3.267782e-05	5.989615e-02	
58	3.367782e-05	5.989298e-02	
59	3.467782e-05	5.988981e-02	
60	3.567782e-05	5.988664e-02	
61	3.667782e-05	5.988347e-02	
62	3.767782e-05	5.988030e-02	
63	3.867782e-05	5.987712e-02	
64	3.967782e-05	5.987395e-02	
65	4.067782e-05	5.987078e-02	
66	4.167782e-05	5.986761e-02	
67	4.267782e-05	5.986444e-02	
68	4.367782e-05	5.986128e-02	
69	4.467782e-05	5.985811e-02	
70	4.567782e-05	5.985494e-02	
71	4.667782e-05	5.985177e-02	
72	4.767782e-05	5.984860e-02	
73	4.867782e-05	5.984543e-02	
74	4.967782e-05	5.984227e-02	
75	5.067782e-05	5.983910e-02	
76	5.167782e-05	5.983593e-02	
77	5.267782e-05	5.983277e-02	
78	5.367782e-05	5.982960e-02	
79	5.467782e-05	5.982643e-02	
80	5.567782e-05	5.982327e-02	
81	5.667782e-05	5.982010e-02	
82	5.767782e-05	5.981694e-02	
83	5.867782e-05	5.981377e-02	
84	5.967782e-05	5.981061e-02	
85	6.067782e-05	5.980745e-02	
86	6.167782e-05	5.980428e-02	
87	6.267782e-05	5.980112e-02	
88	6.367782e-05	5.979796e-02	
89	6.467782e-05	5.979479e-02	
90	6.567782e-05	5.979163e-02	
91	6.667782e-05	5.978847e-02	
92	6.767782e-05	5.978531e-02	
93	6.867782e-05	5.978215e-02	
94	6.967782e-05	5.977899e-02	
95	7.067782e-05	5.977583e-02	
96	7.167782e-05	5.977266e-02	
97	7.267782e-05	5.976950e-02	
98	7.367782e-05	5.976635e-02	
99	7.467782e-05	5.976319e-02	
100	7.567782e-05	5.976003e-02	
101	7.667782e-05	5.975687e-02	
102	7.767782e-05	5.975371e-02	
103	7.867782e-05	5.975055e-02	
104	7.967782e-05	5.974739e-02	
105	8.067782e-05	5.974424e-02	
106	8.167782e-05	5.974108e-02	
107	8.267782e-05	5.973792e-02	
108	8.367782e-05	5.973477e-02	
109	8.467782e-05	5.973161e-02	
110	8.567782e-05	5.972845e-02	
111	8.667782e-05	5.972530e-02	
112	8.767782e-05	5.972214e-02	

Index   time            v(b)            
--------------------------------------------------------------------------------
113	8.867782e-05	5.971899e-02	
114	8.967782e-05	5.971583e-02	
115	9.067782e-05	5.971268e-02	
116	9.167782e-05	5.970952e-02	
117	9.267782e-05	5.970637e-02	
118	9.367782e-05	5.970322e-02	
119	9.467782e-05	5.970006e-02	
120	9.567782e-05	5.969691e-02	
121	9.667782e-05	5.969376e-02	
122	9.767782e-05	5.969061e-02	
123	9.867782e-05	5.968746e-02	
124	9.967782e-05	5.968430e-02	
125	1.006778e-04	5.968115e-02	
126	1.016778e-04	5.967800e-02	
127	1.026778e-04	5.967485e-02	
128	1.036778e-04	5.967170e-02	
129	1.046778e-04	5.966855e-02	
130	1.056778e-04	5.966540e-02	
131	1.066778e-04	5.966225e-02	
132	1.076778e-04	5.965910e-02	
133	1.086778e-04	5.965596e-02	
134	1.096778e-04	5.965281e-02	
135	1.106778e-04	5.964966e-02	
136	1.116778e-04	5.964651e-02	
137	1.126778e-04	5.964336e-02	
138	1.136778e-04	5.964022e-02	
139	1.146778e-04	5.963707e-02	
140	1.156778e-04	5.963392e-02	
141	1.166778e-04	5.963078e-02	
142	1.176778e-04	5.962763e-02	
143	1.186778e-04	5.962449e-02	
144	1.196778e-04	5.962134e-02	
145	1.206778e-04	5.961820e-02	
146	1.216778e-04	5.961505e-02	
147	1.226778e-04	5.961191e-02	
148	1.236778e-04	5.960876e-02	
149	1.246778e-04	5.960562e-02	
150	1.256778e-04	5.960248e-02	
151	1.266778e-04	5.959933e-02	
152	1.276778e-04	5.959619e-02	
153	1.286778e-04	5.959305e-02	
154	1.296778e-04	5.958991e-02	
155	1.306778e-04	5.958677e-02	
156	1.316778e-04	5.958363e-02	
157	1.326778e-04	5.958048e-02	
158	1.336778e-04	5.957734e-02	
159	1.346778e-04	5.957420e-02	
160	1.356778e-04	5.957106e-02	
161	1.366778e-04	5.956792e-02	
162	1.376778e-04	5.956478e-02	
163	1.386778e-04	5.956164e-02	
164	1.396778e-04	5.955851e-02	
165	1.406778e-04	5.955537e-02	
166	1.416778e-04	5.955223e-02	
167	1.426778e-04	5.954909e-02	
168	1.436778e-04	5.954595e-02	
169	1.446778e-04	5.954282e-02	
170	1.456778e-04	5.953968e-02	

Index   time            v(b)            
--------------------------------------------------------------------------------
171	1.466778e-04	5.953654e-02	
172	1.476778e-04	5.953341e-02	
173	1.486778e-04	5.953027e-02	
174	1.496778e-04	5.952714e-02	
175	1.506778e-04	5.952400e-02	
176	1.516778e-04	5.952087e-02	
177	1.526778e-04	5.951773e-02	
178	1.536778e-04	5.951460e-02	
179	1.546778e-04	5.951146e-02	
180	1.556778e-04	5.950833e-02	
181	1.566778e-04	5.950520e-02	
182	1.576778e-04	5.950206e-02	
183	1.586778e-04	5.949893e-02	
184	1.596778e-04	5.949580e-02	
185	1.606778e-04	5.949266e-02	
186	1.616778e-04	5.948953e-02	
187	1.626778e-04	5.948640e-02	
188	1.636778e-04	5.948327e-02	
189	1.646778e-04	5.948014e-02	
190	1.656778e-04	5.947701e-02	
191	1.666778e-04	5.947388e-02	
192	1.676778e-04	5.947075e-02	
193	1.686778e-04	5.946762e-02	
194	1.696778e-04	5.946449e-02	
195	1.706778e-04	5.946136e-02	
196	1.716778e-04	5.945823e-02	
197	1.726778e-04	5.945510e-02	
198	1.736778e-04	5.945198e-02	
199	1.746778e-04	5.944885e-02	
200	1.756778e-04	5.944572e-02	
201	1.766778e-04	5.944259e-02	
202	1.776778e-04	5.943947e-02	
203	1.786778e-04	5.943634e-02	
204	1.796778e-04	5.943321e-02	
205	1.806778e-04	5.943009e-02	
206	1.816778e-04	5.942696e-02	
207	1.826778e-04	5.942384e-02	
208	1.836778e-04	5.942071e-02	
209	1.846778e-04	5.941759e-02	
210	1.856778e-04	5.941446e-02	
211	1.866778e-04	5.941134e-02	
212	1.876778e-04	5.940822e-02	
213	1.886778e-04	5.940509e-02	
214	1.896778e-04	5.940197e-02	
215	1.906778e-04	5.939885e-02	
216	1.916778e-04	5.939572e-02	
217	1.926778e-04	5.939260e-02	
218	1.936778e-04	5.938948e-02	
219	1.946778e-04	5.938636e-02	
220	1.956778e-04	5.938324e-02	
221	1.966778e-04	5.938012e-02	
222	1.976778e-04	5.937700e-02	
223	1.986778e-04	5.937388e-02	
224	1.996778e-04	5.937076e-02	
225	2.006778e-04	5.936764e-02	
226	2.016778e-04	5.936452e-02	
227	2.026778e-04	5.936140e-02	
228	2.036778e-04	5.935828e-02	

Index   time            v(b)            
--------------------------------------------------------------------------------
229	2.046778e-04	5.935516e-02	
230	2.056778e-04	5.935204e-02	
231	2.066778e-04	5.934893e-02	
232	2.076778e-04	5.934581e-02	
233	2.086778e-04	5.934269e-02	
234	2.096778e-04	5.933958e-02	
235	2.106778e-04	5.933646e-02	
236	2.116778e-04	5.933334e-02	
237	2.126778e-04	5.933023e-02	
238	2.136778e-04	5.932711e-02	
239	2.146778e-04	5.932400e-02	
240	2.156778e-04	5.932088e-02	
241	2.166778e-04	5.931777e-02	
242	2.176778e-04	5.931465e-02	
243	2.186778e-04	5.931154e-02	
244	2.196778e-04	5.930843e-02	
245	2.206778e-04	5.930531e-02	
246	2.216778e-04	5.930220e-02	
247	2.226778e-04	5.929909e-02	
248	2.236778e-04	5.929597e-02	
249	2.246778e-04	5.929286e-02	
250	2.256778e-04	5.928975e-02	
251	2.266778e-04	5.928664e-02	
252	2.276778e-04	5.928353e-02	
253	2.286778e-04	5.928042e-02	
254	2.296778e-04	5.927731e-02	
255	2.306778e-04	5.927420e-02	
256	2.316778e-04	5.927109e-02	
257	2.326778e-04	5.926798e-02	
258	2.336778e-04	5.926487e-02	
259	2.346778e-04	5.926176e-02	
260	2.356778e-04	5.925865e-02	
261	2.366778e-04	5.925554e-02	
262	2.376778e-04	5.925243e-02	
263	2.386778e-04	5.924933e-02	
264	2.396778e-04	5.924622e-02	
265	2.406778e-04	5.924311e-02	
266	2.416778e-04	5.924001e-02	
267	2.426778e-04	5.923690e-02	
268	2.436778e-04	5.923379e-02	
269	2.446778e-04	5.923069e-02	
270	2.456778e-04	5.922758e-02	
271	2.466778e-04	5.922448e-02	
272	2.476778e-04	5.922137e-02	
273	2.486778e-04	5.921827e-02	
274	2.496778e-04	5.921516e-02	
275	2.506778e-04	5.921206e-02	
276	2.516778e-04	5.920896e-02	
277	2.526778e-04	5.920585e-02	
278	2.536778e-04	5.920275e-02	
279	2.546778e-04	5.919965e-02	
280	2.556778e-04	5.919655e-02	
281	2.566778e-04	5.919344e-02	
282	2.576778e-04	5.919034e-02	
283	2.586778e-04	5.918724e-02	
284	2.596778e-04	5.918414e-02	
285	2.606778e-04	5.918104e-02	
286	2.616778e-04	5.917794e-02	

Index   time            v(b)            
--------------------------------------------------------------------------------
287	2.626778e-04	5.917484e-02	
288	2.636778e-04	5.917174e-02	
289	2.646778e-04	5.916864e-02	
290	2.656778e-04	5.916554e-02	
291	2.666778e-04	5.916244e-02	
292	2.676778e-04	5.915934e-02	
293	2.686778e-04	5.915624e-02	
294	2.696778e-04	5.915315e-02	
295	2.706778e-04	5.915005e-02	
296	2.716778e-04	5.914695e-02	
297	2.726778e-04	5.914385e-02	
298	2.736778e-04	5.914076e-02	
299	2.746778e-04	5.913766e-02	
300	2.756778e-04	5.913456e-02	
301	2.766778e-04	5.913147e-02	
302	2.776778e-04	5.912837e-02	
303	2.786778e-04	5.912528e-02	
304	2.796778e-04	5.912218e-02	
305	2.806778e-04	5.911909e-02	
306	2.816778e-04	5.911599e-02	
307	2.826778e-04	5.911290e-02	
308	2.836778e-04	5.910981e-02	
309	2.846778e-04	5.910671e-02	
310	2.856778e-04	5.910362e-02	
311	2.866778e-04	5.910053e-02	
312	2.876778e-04	5.909744e-02	
313	2.886778e-04	5.909434e-02	
314	2.896778e-04	5.909125e-02	
315	2.906778e-04	5.908816e-02	
316	2.916778e-04	5.908507e-02	
317	2.926778e-04	5.908198e-02	
318	2.936778e-04	5.907889e-02	
319	2.946778e-04	5.907580e-02	
320	2.956778e-04	5.907271e-02	
321	2.966778e-04	5.906962e-02	
322	2.976778e-04	5.906653e-02	
323	2.986778e-04	5.906344e-02	
324	2.996778e-04	5.906035e-02	
325	3.006778e-04	5.905726e-02	
326	3.016778e-04	5.905418e-02	
327	3.026778e-04	5.905109e-02	
328	3.036778e-04	5.904800e-02	
329	3.046778e-04	5.904491e-02	
330	3.056778e-04	5.904183e-02	
331	3.066778e-04	5.903874e-02	
332	3.076778e-04	5.903565e-02	
333	3.086778e-04	5.903257e-02	
334	3.096778e-04	5.902948e-02	
335	3.106778e-04	5.902640e-02	
336	3.116778e-04	5.902331e-02	
337	3.126778e-04	5.902023e-02	
338	3.136778e-04	5.901714e-02	
339	3.146778e-04	5.901406e-02	
340	3.156778e-04	5.901098e-02	
341	3.166778e-04	5.900789e-02	
342	3.176778e-04	5.900481e-02	
343	3.186778e-04	5.900173e-02	
344	3.196778e-04	5.899865e-02	

Index   time            v(b)            
--------------------------------------------------------------------------------
345	3.206778e-04	5.899556e-02	
346	3.216778e-04	5.899248e-02	
347	3.226778e-04	5.898940e-02	
348	3.236778e-04	5.898632e-02	
349	3.246778e-04	5.898324e-02	
350	3.256778e-04	5.898016e-02	
351	3.266778e-04	5.897708e-02	
352	3.276778e-04	5.897400e-02	
353	3.286778e-04	5.897092e-02	
354	3.296778e-04	5.896784e-02	
355	3.306778e-04	5.896476e-02	
356	3.316778e-04	5.896168e-02	
357	3.326778e-04	5.895860e-02	
358	3.336778e-04	5.895552e-02	
359	3.346778e-04	5.895245e-02	
360	3.356778e-04	5.894937e-02	
361	3.366778e-04	5.894629e-02	
362	3.376778e-04	5.894322e-02	
363	3.386778e-04	5.894014e-02	
364	3.396778e-04	5.893706e-02	
365	3.406778e-04	5.893399e-02	
366	3.416778e-04	5.893091e-02	
367	3.426778e-04	5.892784e-02	
368	3.436778e-04	5.892476e-02	
369	3.446778e-04	5.892169e-02	
370	3.456778e-04	5.891861e-02	
371	3.466778e-04	5.891554e-02	
372	3.476778e-04	5.891246e-02	
373	3.486778e-04	5.890939e-02	
374	3.496778e-04	5.890632e-02	
375	3.506778e-04	5.890325e-02	
376	3.516778e-04	5.890017e-02	
377	3.526778e-04	5.889710e-02	
378	3.536778e-04	5.889403e-02	
379	3.546778e-04	5.889096e-02	
380	3.556778e-04	5.888789e-02	
381	3.566778e-04	5.888482e-02	
382	3.576778e-04	5.888174e-02	
383	3.586778e-04	5.887867e-02	
384	3.596778e-04	5.887560e-02	
385	3.606778e-04	5.887253e-02	
386	3.616778e-04	5.886947e-02	
387	3.626778e-04	5.886640e-02	
388	3.636778e-04	5.886333e-02	
389	3.646778e-04	5.886026e-02	
390	3.656778e-04	5.885719e-02	
391	3.666778e-04	5.885412e-02	
392	3.676778e-04	5.885106e-02	
393	3.686778e-04	5.884799e-02	
394	3.696778e-04	5.884492e-02	
395	3.706778e-04	5.884186e-02	
396	3.716778e-04	5.883879e-02	
397	3.726778e-04	5.883572e-02	
398	3.736778e-04	5.883266e-02	
399	3.746778e-04	5.882959e-02	
400	3.756778e-04	5.882653e-02	
401	3.766778e-04	5.882346e-02	
402	3.776778e-04	5.882040e-02	

Index   time            v(b)            
--------------------------------------------------------------------------------
403	3.786778e-04	5.881733e-02	
404	3.796778e-04	5.881427e-02	
405	3.806778e-04	5.881121e-02	
406	3.816778e-04	5.880814e-02	
407	3.826778e-04	5.880508e-02	
408	3.836778e-04	5.880202e-02	
409	3.846778e-04	5.879896e-02	
410	3.856778e-04	5.879589e-02	
411	3.866778e-04	5.879283e-02	
412	3.876778e-04	5.878977e-02	
413	3.886778e-04	5.878671e-02	
414	3.896778e-04	5.878365e-02	
415	3.906778e-04	5.878059e-02	
416	3.916778e-04	5.877753e-02	
417	3.926778e-04	5.877447e-02	
418	3.936778e-04	5.877141e-02	
419	3.946778e-04	5.876835e-02	
420	3.956778e-04	5.876529e-02	
421	3.966778e-04	5.876223e-02	
422	3.976778e-04	5.875917e-02	
423	3.986778e-04	5.875612e-02	
424	3.996778e-04	5.875306e-02	
425	4.006778e-04	5.875000e-02	
426	4.016778e-04	5.874694e-02	
427	4.026778e-04	5.874389e-02	
428	4.036778e-04	5.874083e-02	
429	4.046778e-04	5.873777e-02	
430	4.056778e-04	5.873472e-02	
431	4.066778e-04	5.873166e-02	
432	4.076778e-04	5.872861e-02	
433	4.086778e-04	5.872555e-02	
434	4.096778e-04	5.872250e-02	
435	4.106778e-04	5.871944e-02	
436	4.116778e-04	5.871639e-02	
437	4.126778e-04	5.871334e-02	
438	4.136778e-04	5.871028e-02	
439	4.146778e-04	5.870723e-02	
440	4.156778e-04	5.870418e-02	
441	4.166778e-04	5.870113e-02	
442	4.176778e-04	5.869807e-02	
443	4.186778e-04	5.869502e-02	
444	4.196778e-04	5.869197e-02	
445	4.206778e-04	5.868892e-02	
446	4.216778e-04	5.868587e-02	
447	4.226778e-04	5.868282e-02	
448	4.236778e-04	5.867977e-02	
449	4.246778e-04	5.867672e-02	
450	4.256778e-04	5.867367e-02	
451	4.266778e-04	5.867062e-02	
452	4.276778e-04	5.866757e-02	
453	4.286778e-04	5.866452e-02	
454	4.296778e-04	5.866147e-02	
455	4.306778e-04	5.865842e-02	
456	4.316778e-04	5.865538e-02	
457	4.326778e-04	5.865233e-02	
458	4.336778e-04	5.864928e-02	
459	4.346778e-04	5.864623e-02	
460	4.356778e-04	5.864319e-02	

Index   time            v(b)            
--------------------------------------------------------------------------------
461	4.366778e-04	5.864014e-02	
462	4.376778e-04	5.863710e-02	
463	4.386778e-04	5.863405e-02	
464	4.396778e-04	5.863101e-02	
465	4.406778e-04	5.862796e-02	
466	4.416778e-04	5.862492e-02	
467	4.426778e-04	5.862187e-02	
468	4.436778e-04	5.861883e-02	
469	4.446778e-04	5.861578e-02	
470	4.456778e-04	5.861274e-02	
471	4.466778e-04	5.860970e-02	
472	4.476778e-04	5.860665e-02	
473	4.486778e-04	5.860361e-02	
474	4.496778e-04	5.860057e-02	
475	4.506778e-04	5.859753e-02	
476	4.516778e-04	5.859448e-02	
477	4.526778e-04	5.859144e-02	
478	4.536778e-04	5.858840e-02	
479	4.546778e-04	5.858536e-02	
480	4.556778e-04	5.858232e-02	
481	4.566778e-04	5.857928e-02	
482	4.576778e-04	5.857624e-02	
483	4.586778e-04	5.857320e-02	
484	4.596778e-04	5.857016e-02	
485	4.606778e-04	5.856712e-02	
486	4.616778e-04	5.856408e-02	
487	4.626778e-04	5.856105e-02	
488	4.636778e-04	5.855801e-02	
489	4.646778e-04	5.855497e-02	
490	4.656778e-04	5.855193e-02	
491	4.666778e-04	5.854890e-02	
492	4.676778e-04	5.854586e-02	
493	4.686778e-04	5.854282e-02	
494	4.696778e-04	5.853979e-02	
495	4.706778e-04	5.853675e-02	
496	4.716778e-04	5.853372e-02	
497	4.726778e-04	5.853068e-02	
498	4.736778e-04	5.852765e-02	
499	4.746778e-04	5.852461e-02	
500	4.756778e-04	5.852158e-02	
501	4.766778e-04	5.851854e-02	
502	4.776778e-04	5.851551e-02	
503	4.786778e-04	5.851248e-02	
504	4.796778e-04	5.850944e-02	
505	4.806778e-04	5.850641e-02	
506	4.816778e-04	5.850338e-02	
507	4.826778e-04	5.850034e-02	
508	4.836778e-04	5.849731e-02	
509	4.846778e-04	5.849428e-02	
510	4.856778e-04	5.849125e-02	
511	4.866778e-04	5.848822e-02	
512	4.876778e-04	5.848519e-02	
513	4.886778e-04	5.848216e-02	
514	4.896778e-04	5.847913e-02	
515	4.906778e-04	5.847610e-02	
516	4.916778e-04	5.847307e-02	
517	4.926778e-04	5.847004e-02	
518	4.936778e-04	5.846701e-02	

Index   time            v(b)            
--------------------------------------------------------------------------------
519	4.946778e-04	5.846398e-02	
520	4.956778e-04	5.846095e-02	
521	4.966778e-04	5.845793e-02	
522	4.976778e-04	5.845490e-02	
523	4.986778e-04	5.845187e-02	
524	4.996778e-04	5.844884e-02	
525	5.000001e-04	5.844787e-02	
526	5.000001e-04	5.844787e-02	
527	5.000001e-04	5.844787e-02	
528	5.000002e-04	5.844787e-02	
529	5.000002e-04	5.844787e-02	
530	5.000002e-04	5.844787e-02	
531	5.000002e-04	5.844787e-02	
532	5.000003e-04	5.844787e-02	
533	5.000003e-04	5.844787e-02	
534	5.000004e-04	5.844787e-02	
535	5.000007e-04	5.844787e-02	
536	5.000012e-04	5.844787e-02	
537	5.000022e-04	5.844787e-02	
538	5.000043e-04	5.844787e-02	
539	5.000084e-04	5.844787e-02	
540	5.000166e-04	5.844787e-02	
541	5.000330e-04	5.844787e-02	
542	5.000657e-04	5.844788e-02	
543	5.001313e-04	5.844789e-02	
544	5.002623e-04	5.844791e-02	
545	5.005245e-04	5.844795e-02	
546	5.010488e-04	5.844803e-02	
547	5.020488e-04	5.844819e-02	
548	5.030488e-04	5.844835e-02	
549	5.040488e-04	5.844850e-02	
550	5.050488e-04	5.844866e-02	
551	5.060488e-04	5.844881e-02	
552	5.070488e-04	5.844897e-02	
553	5.080488e-04	5.844913e-02	
554	5.090488e-04	5.844928e-02	
555	5.100488e-04	5.844944e-02	
556	5.110488e-04	5.844960e-02	
557	5.120488e-04	5.844975e-02	
558	5.130488e-04	5.844991e-02	
559	5.140488e-04	5.845006e-02	
560	5.150488e-04	5.845022e-02	
561	5.160488e-04	5.845038e-02	
562	5.170488e-04	5.845053e-02	
563	5.180488e-04	5.845069e-02	
564	5.190488e-04	5.845084e-02	
565	5.200488e-04	5.845100e-02	
566	5.210488e-04	5.845116e-02	
567	5.220488e-04	5.845131e-02	
568	5.230488e-04	5.845147e-02	
569	5.240488e-04	5.845162e-02	
570	5.250488e-04	5.845178e-02	
571	5.260488e-04	5.845194e-02	
572	5.270488e-04	5.845209e-02	
573	5.280488e-04	5.845225e-02	
574	5.290488e-04	5.845240e-02	
575	5.300488e-04	5.845256e-02	
576	5.310488e-04	5.845272e-02	

Index   time            v(b)            
--------------------------------------------------------------------------------
577	5.320488e-04	5.845287e-02	
578	5.330488e-04	5.845303e-02	
579	5.340488e-04	5.845318e-02	
580	5.350488e-04	5.845334e-02	
581	5.360488e-04	5.845349e-02	
582	5.370488e-04	5.845365e-02	
583	5.380488e-04	5.845381e-02	
584	5.390488e-04	5.845396e-02	
585	5.400488e-04	5.845412e-02	
586	5.410488e-04	5.845427e-02	
587	5.420488e-04	5.845443e-02	
588	5.430488e-04	5.845458e-02	
589	5.440488e-04	5.845474e-02	
590	5.450488e-04	5.845490e-02	
591	5.460488e-04	5.845505e-02	
592	5.470488e-04	5.845521e-02	
593	5.480488e-04	5.845536e-02	
594	5.490488e-04	5.845552e-02	
595	5.500488e-04	5.845567e-02	
596	5.510488e-04	5.845583e-02	
597	5.520488e-04	5.845599e-02	
598	5.530488e-04	5.845614e-02	
599	5.540488e-04	5.845630e-02	
600	5.550488e-04	5.845645e-02	
601	5.560488e-04	5.845661e-02	
602	5.570488e-04	5.845676e-02	
603	5.580488e-04	5.845692e-02	
604	5.590488e-04	5.845707e-02	
605	5.600488e-04	5.845723e-02	
606	5.610488e-04	5.845738e-02	
607	5.620488e-04	5.845754e-02	
608	5.630488e-04	5.845770e-02	
609	5.640488e-04	5.845785e-02	
610	5.650488e-04	5.845801e-02	
611	5.660488e-04	5.845816e-02	
612	5.670488e-04	5.845832e-02	
613	5.680488e-04	5.845847e-02	
614	5.690488e-04	5.845863e-02	
615	5.700488e-04	5.845878e-02	
616	5.710488e-04	5.845894e-02	
617	5.720488e-04	5.845909e-02	
618	5.730488e-04	5.845925e-02	
619	5.740488e-04	5.845940e-02	
620	5.750488e-04	5.845956e-02	
621	5.760488e-04	5.845971e-02	
622	5.770488e-04	5.845987e-02	
623	5.780488e-04	5.846002e-02	
624	5.790488e-04	5.846018e-02	
625	5.800488e-04	5.846033e-02	
626	5.810488e-04	5.846049e-02	
627	5.820488e-04	5.846064e-02	
628	5.830488e-04	5.846080e-02	
629	5.840488e-04	5.846095e-02	
630	5.850488e-04	5.846111e-02	
631	5.860488e-04	5.846126e-02	
632	5.870488e-04	5.846142e-02	
633	5.880488e-04	5.846157e-02	
634	5.890488e-04	5.846173e-02	

Index   time            v(b)            
--------------------------------------------------------------------------------
635	5.900488e-04	5.846188e-02	
636	5.910488e-04	5.846204e-02	
637	5.920488e-04	5.846219e-02	
638	5.930488e-04	5.846235e-02	
639	5.940488e-04	5.846250e-02	
640	5.950488e-04	5.846266e-02	
641	5.960488e-04	5.846281e-02	
642	5.970488e-04	5.846297e-02	
643	5.980488e-04	5.846312e-02	
644	5.990488e-04	5.846328e-02	
645	6.000488e-04	5.846343e-02	
646	6.010488e-04	5.846359e-02	
647	6.020488e-04	5.846374e-02	
648	6.030488e-04	5.846390e-02	
649	6.040488e-04	5.846405e-02	
650	6.050488e-04	5.846421e-02	
651	6.060488e-04	5.846436e-02	
652	6.070488e-04	5.846452e-02	
653	6.080488e-04	5.846467e-02	
654	6.090488e-04	5.846483e-02	
655	6.100488e-04	5.846498e-02	
656	6.110488e-04	5.846513e-02	
657	6.120488e-04	5.846529e-02	
658	6.130488e-04	5.846544e-02	
659	6.140488e-04	5.846560e-02	
660	6.150488e-04	5.846575e-02	
661	6.160488e-04	5.846591e-02	
662	6.170488e-04	5.846606e-02	
663	6.180488e-04	5.846622e-02	
664	6.190488e-04	5.846637e-02	
665	6.200488e-04	5.846653e-02	
666	6.210488e-04	5.846668e-02	
667	6.220488e-04	5.846683e-02	
668	6.230488e-04	5.846699e-02	
669	6.240488e-04	5.846714e-02	
670	6.250488e-04	5.846730e-02	
671	6.260488e-04	5.846745e-02	
672	6.270488e-04	5.846761e-02	
673	6.280488e-04	5.846776e-02	
674	6.290488e-04	5.846791e-02	
675	6.300488e-04	5.846807e-02	
676	6.310488e-04	5.846822e-02	
677	6.320488e-04	5.846838e-02	
678	6.330488e-04	5.846853e-02	
679	6.340488e-04	5.846869e-02	
680	6.350488e-04	5.846884e-02	
681	6.360488e-04	5.846899e-02	
682	6.370488e-04	5.846915e-02	
683	6.380488e-04	5.846930e-02	
684	6.390488e-04	5.846946e-02	
685	6.400488e-04	5.846961e-02	
686	6.410488e-04	5.846977e-02	
687	6.420488e-04	5.846992e-02	
688	6.430488e-04	5.847007e-02	
689	6.440488e-04	5.847023e-02	
690	6.450488e-04	5.847038e-02	
691	6.460488e-04	5.847054e-02	
692	6.470488e-04	5.847069e-02	

Index   time            v(b)            
--------------------------------------------------------------------------------
693	6.480488e-04	5.847084e-02	
694	6.490488e-04	5.847100e-02	
695	6.500488e-04	5.847115e-02	
696	6.510488e-04	5.847131e-02	
697	6.520488e-04	5.847146e-02	
698	6.530488e-04	5.847161e-02	
699	6.540488e-04	5.847177e-02	
700	6.550488e-04	5.847192e-02	
701	6.560488e-04	5.847208e-02	
702	6.570488e-04	5.847223e-02	
703	6.580488e-04	5.847238e-02	
704	6.590488e-04	5.847254e-02	
705	6.600488e-04	5.847269e-02	
706	6.610488e-04	5.847285e-02	
707	6.620488e-04	5.847300e-02	
708	6.630488e-04	5.847315e-02	
709	6.640488e-04	5.847331e-02	
710	6.650488e-04	5.847346e-02	
711	6.660488e-04	5.847361e-02	
712	6.670488e-04	5.847377e-02	
713	6.680488e-04	5.847392e-02	
714	6.690488e-04	5.847408e-02	
715	6.700488e-04	5.847423e-02	
716	6.710488e-04	5.847438e-02	
717	6.720488e-04	5.847454e-02	
718	6.730488e-04	5.847469e-02	
719	6.740488e-04	5.847484e-02	
720	6.750488e-04	5.847500e-02	
721	6.760488e-04	5.847515e-02	
722	6.770488e-04	5.847530e-02	
723	6.780488e-04	5.847546e-02	
724	6.790488e-04	5.847561e-02	
725	6.800488e-04	5.847577e-02	
726	6.810488e-04	5.847592e-02	
727	6.820488e-04	5.847607e-02	
728	6.830488e-04	5.847623e-02	
729	6.840488e-04	5.847638e-02	
730	6.850488e-04	5.847653e-02	
731	6.860488e-04	5.847669e-02	
732	6.870488e-04	5.847684e-02	
733	6.880488e-04	5.847699e-02	
734	6.890488e-04	5.847715e-02	
735	6.900488e-04	5.847730e-02	
736	6.910488e-04	5.847745e-02	
737	6.920488e-04	5.847761e-02	
738	6.930488e-04	5.847776e-02	
739	6.940488e-04	5.847791e-02	
740	6.950488e-04	5.847807e-02	
741	6.960488e-04	5.847822e-02	
742	6.970488e-04	5.847837e-02	
743	6.980488e-04	5.847853e-02	
744	6.990488e-04	5.847868e-02	
745	7.000488e-04	5.847883e-02	
746	7.010488e-04	5.847899e-02	
747	7.020488e-04	5.847914e-02	
748	7.030488e-04	5.847929e-02	
749	7.040488e-04	5.847945e-02	
750	7.050488e-04	5.847960e-02	

Index   time            v(b)            
--------------------------------------------------------------------------------
751	7.060488e-04	5.847975e-02	
752	7.070488e-04	5.847991e-02	
753	7.080488e-04	5.848006e-02	
754	7.090488e-04	5.848021e-02	
755	7.100488e-04	5.848036e-02	
756	7.110488e-04	5.848052e-02	
757	7.120488e-04	5.848067e-02	
758	7.130488e-04	5.848082e-02	
759	7.140488e-04	5.848098e-02	
760	7.150488e-04	5.848113e-02	
761	7.160488e-04	5.848128e-02	
762	7.170488e-04	5.848144e-02	
763	7.180488e-04	5.848159e-02	
764	7.190488e-04	5.848174e-02	
765	7.200488e-04	5.848189e-02	
766	7.210488e-04	5.848205e-02	
767	7.220488e-04	5.848220e-02	
768	7.230488e-04	5.848235e-02	
769	7.240488e-04	5.848251e-02	
770	7.250488e-04	5.848266e-02	
771	7.260488e-04	5.848281e-02	
772	7.270488e-04	5.848296e-02	
773	7.280488e-04	5.848312e-02	
774	7.290488e-04	5.848327e-02	
775	7.300488e-04	5.848342e-02	
776	7.310488e-04	5.848358e-02	
777	7.320488e-04	5.848373e-02	
778	7.330488e-04	5.848388e-02	
779	7.340488e-04	5.848403e-02	
780	7.350488e-04	5.848419e-02	
781	7.360488e-04	5.848434e-02	
782	7.370488e-04	5.848449e-02	
783	7.380488e-04	5.848464e-02	
784	7.390488e-04	5.848480e-02	
785	7.400488e-04	5.848495e-02	
786	7.410488e-04	5.848510e-02	
787	7.420488e-04	5.848525e-02	
788	7.430488e-04	5.848541e-02	
789	7.440488e-04	5.848556e-02	
790	7.450488e-04	5.848571e-02	
791	7.460488e-04	5.848587e-02	
792	7.470488e-04	5.848602e-02	
793	7.480488e-04	5.848617e-02	
794	7.490488e-04	5.848632e-02	
795	7.500488e-04	5.848648e-02	
796	7.510488e-04	5.848663e-02	
797	7.520488e-04	5.848678e-02	
798	7.530488e-04	5.848693e-02	
799	7.540488e-04	5.848708e-02	
800	7.550488e-04	5.848724e-02	
801	7.560488e-04	5.848739e-02	
802	7.570488e-04	5.848754e-02	
803	7.580488e-04	5.848769e-02	
804	7.590488e-04	5.848785e-02	
805	7.600488e-04	5.848800e-02	
806	7.610488e-04	5.848815e-02	
807	7.620488e-04	5.848830e-02	
808	7.630488e-04	5.848846e-02	

Index   time            v(b)            
--------------------------------------------------------------------------------
809	7.640488e-04	5.848861e-02	
810	7.650488e-04	5.848876e-02	
811	7.660488e-04	5.848891e-02	
812	7.670488e-04	5.848906e-02	
813	7.680488e-04	5.848922e-02	
814	7.690488e-04	5.848937e-02	
815	7.700488e-04	5.848952e-02	
816	7.710488e-04	5.848967e-02	
817	7.720488e-04	5.848983e-02	
818	7.730488e-04	5.848998e-02	
819	7.740488e-04	5.849013e-02	
820	7.750488e-04	5.849028e-02	
821	7.760488e-04	5.849043e-02	
822	7.770488e-04	5.849059e-02	
823	7.780488e-04	5.849074e-02	
824	7.790488e-04	5.849089e-02	
825	7.800488e-04	5.849104e-02	
826	7.810488e-04	5.849119e-02	
827	7.820488e-04	5.849135e-02	
828	7.830488e-04	5.849150e-02	
829	7.840488e-04	5.849165e-02	
830	7.850488e-04	5.849180e-02	
831	7.860488e-04	5.849195e-02	
832	7.870488e-04	5.849211e-02	
833	7.880488e-04	5.849226e-02	
834	7.890488e-04	5.849241e-02	
835	7.900488e-04	5.849256e-02	
836	7.910488e-04	5.849271e-02	
837	7.920488e-04	5.849286e-02	
838	7.930488e-04	5.849302e-02	
839	7.940488e-04	5.849317e-02	
840	7.950488e-04	5.849332e-02	
841	7.960488e-04	5.849347e-02	
842	7.970488e-04	5.849362e-02	
843	7.980488e-04	5.849378e-02	
844	7.990488e-04	5.849393e-02	
845	8.000488e-04	5.849408e-02	
846	8.010488e-04	5.849423e-02	
847	8.020488e-04	5.849438e-02	
848	8.030488e-04	5.849453e-02	
849	8.040488e-04	5.849469e-02	
850	8.050488e-04	5.849484e-02	
851	8.060488e-04	5.849499e-02	
852	8.070488e-04	5.849514e-02	
853	8.080488e-04	5.849529e-02	
854	8.090488e-04	5.849544e-02	
855	8.100488e-04	5.849560e-02	
856	8.110488e-04	5.849575e-02	
857	8.120488e-04	5.849590e-02	
858	8.130488e-04	5.849605e-02	
859	8.140488e-04	5.849620e-02	
860	8.150488e-04	5.849635e-02	
861	8.160488e-04	5.849650e-02	
862	8.170488e-04	5.849666e-02	
863	8.180488e-04	5.849681e-02	
864	8.190488e-04	5.849696e-02	
865	8.200488e-04	5.849711e-02	
866	8.210488e-04	5.849726e-02	

Index   time            v(b)            
--------------------------------------------------------------------------------
867	8.220488e-04	5.849741e-02	
868	8.230488e-04	5.849756e-02	
869	8.240488e-04	5.849772e-02	
870	8.250488e-04	5.849787e-02	
871	8.260488e-04	5.849802e-02	
872	8.270488e-04	5.849817e-02	
873	8.280488e-04	5.849832e-02	
874	8.290488e-04	5.849847e-02	
875	8.300488e-04	5.849862e-02	
876	8.310488e-04	5.849877e-02	
877	8.320488e-04	5.849893e-02	
878	8.330488e-04	5.849908e-02	
879	8.340488e-04	5.849923e-02	
880	8.350488e-04	5.849938e-02	
881	8.360488e-04	5.849953e-02	
882	8.370488e-04	5.849968e-02	
883	8.380488e-04	5.849983e-02	
884	8.390488e-04	5.849998e-02	
885	8.400488e-04	5.850013e-02	
886	8.410488e-04	5.850029e-02	
887	8.420488e-04	5.850044e-02	
888	8.430488e-04	5.850059e-02	
889	8.440488e-04	5.850074e-02	
890	8.450488e-04	5.850089e-02	
891	8.460488e-04	5.850104e-02	
892	8.470488e-04	5.850119e-02	
893	8.480488e-04	5.850134e-02	
894	8.490488e-04	5.850149e-02	
895	8.500488e-04	5.850164e-02	
896	8.510488e-04	5.850180e-02	
897	8.520488e-04	5.850195e-02	
898	8.530488e-04	5.850210e-02	
899	8.540488e-04	5.850225e-02	
900	8.550488e-04	5.850240e-02	
901	8.560488e-04	5.850255e-02	
902	8.570488e-04	5.850270e-02	
903	8.580488e-04	5.850285e-02	
904	8.590488e-04	5.850300e-02	
905	8.600488e-04	5.850315e-02	
906	8.610488e-04	5.850330e-02	
907	8.620488e-04	5.850345e-02	
908	8.630488e-04	5.850361e-02	
909	8.640488e-04	5.850376e-02	
910	8.650488e-04	5.850391e-02	
911	8.660488e-04	5.850406e-02	
912	8.670488e-04	5.850421e-02	
913	8.680488e-04	5.850436e-02	
914	8.690488e-04	5.850451e-02	
915	8.700488e-04	5.850466e-02	
916	8.710488e-04	5.850481e-02	
917	8.720488e-04	5.850496e-02	
918	8.730488e-04	5.850511e-02	
919	8.740488e-04	5.850526e-02	
920	8.750488e-04	5.850541e-02	
921	8.760488e-04	5.850556e-02	
922	8.770488e-04	5.850571e-02	
923	8.780488e-04	5.850586e-02	
924	8.790488e-04	5.850602e-02	

Index   time            v(b)            
--------------------------------------------------------------------------------
925	8.800488e-04	5.850617e-02	
926	8.810488e-04	5.850632e-02	
927	8.820488e-04	5.850647e-02	
928	8.830488e-04	5.850662e-02	
929	8.840488e-04	5.850677e-02	
930	8.850488e-04	5.850692e-02	
931	8.860488e-04	5.850707e-02	
932	8.870488e-04	5.850722e-02	
933	8.880488e-04	5.850737e-02	
934	8.890488e-04	5.850752e-02	
935	8.900488e-04	5.850767e-02	
936	8.910488e-04	5.850782e-02	
937	8.920488e-04	5.850797e-02	
938	8.930488e-04	5.850812e-02	
939	8.940488e-04	5.850827e-02	
940	8.950488e-04	5.850842e-02	
941	8.960488e-04	5.850857e-02	
942	8.970488e-04	5.850872e-02	
943	8.980488e-04	5.850887e-02	
944	8.990488e-04	5.850902e-02	
945	9.000488e-04	5.850917e-02	
946	9.010488e-04	5.850932e-02	
947	9.020488e-04	5.850947e-02	
948	9.030488e-04	5.850962e-02	
949	9.040488e-04	5.850977e-02	
950	9.050488e-04	5.850992e-02	
951	9.060488e-04	5.851007e-02	
952	9.070488e-04	5.851022e-02	
953	9.080488e-04	5.851037e-02	
954	9.090488e-04	5.851052e-02	
955	9.100488e-04	5.851067e-02	
956	9.110488e-04	5.851082e-02	
957	9.120488e-04	5.851097e-02	
958	9.130488e-04	5.851112e-02	
959	9.140488e-04	5.851127e-02	
960	9.150488e-04	5.851142e-02	
961	9.160488e-04	5.851157e-02	
962	9.170488e-04	5.851172e-02	
963	9.180488e-04	5.851187e-02	
964	9.190488e-04	5.851202e-02	
965	9.200488e-04	5.851217e-02	
966	9.210488e-04	5.851232e-02	
967	9.220488e-04	5.851247e-02	
968	9.230488e-04	5.851262e-02	
969	9.240488e-04	5.851277e-02	
970	9.250488e-04	5.851292e-02	
971	9.260488e-04	5.851307e-02	
972	9.270488e-04	5.851322e-02	
973	9.280488e-04	5.851337e-02	
974	9.290488e-04	5.851352e-02	
975	9.300488e-04	5.851367e-02	
976	9.310488e-04	5.851382e-02	
977	9.320488e-04	5.851397e-02	
978	9.330488e-04	5.851412e-02	
979	9.340488e-04	5.851427e-02	
980	9.350488e-04	5.851442e-02	
981	9.360488e-04	5.851457e-02	
982	9.370488e-04	5.851472e-02	

Index   time            v(b)            
--------------------------------------------------------------------------------
983	9.380488e-04	5.851487e-02	
984	9.390488e-04	5.851502e-02	
985	9.400488e-04	5.851517e-02	
986	9.410488e-04	5.851532e-02	
987	9.420488e-04	5.851547e-02	
988	9.430488e-04	5.851562e-02	
989	9.440488e-04	5.851576e-02	
990	9.450488e-04	5.851591e-02	
991	9.460488e-04	5.851606e-02	
992	9.470488e-04	5.851621e-02	
993	9.480488e-04	5.851636e-02	
994	9.490488e-04	5.851651e-02	
995	9.500488e-04	5.851666e-02	
996	9.510488e-04	5.851681e-02	
997	9.520488e-04	5.851696e-02	
998	9.530488e-04	5.851711e-02	
999	9.540488e-04	5.851726e-02	
1000	9.550488e-04	5.851741e-02	
1001	9.560488e-04	5.851756e-02	
1002	9.570488e-04	5.851771e-02	
1003	9.580488e-04	5.851786e-02	
1004	9.590488e-04	5.851801e-02	
1005	9.600488e-04	5.851816e-02	
1006	9.610488e-04	5.851830e-02	
1007	9.620488e-04	5.851845e-02	
1008	9.630488e-04	5.851860e-02	
1009	9.640488e-04	5.851875e-02	
1010	9.650488e-04	5.851890e-02	
1011	9.660488e-04	5.851905e-02	
1012	9.670488e-04	5.851920e-02	
1013	9.680488e-04	5.851935e-02	
1014	9.690488e-04	5.851950e-02	
1015	9.700488e-04	5.851965e-02	
1016	9.710488e-04	5.851980e-02	
1017	9.720488e-04	5.851995e-02	
1018	9.730488e-04	5.852009e-02	
1019	9.740488e-04	5.852024e-02	
1020	9.750488e-04	5.852039e-02	
1021	9.760488e-04	5.852054e-02	
1022	9.770488e-04	5.852069e-02	
1023	9.780488e-04	5.852084e-02	
1024	9.790488e-04	5.852099e-02	
1025	9.800488e-04	5.852114e-02	
1026	9.810488e-04	5.852129e-02	
1027	9.820488e-04	5.852144e-02	
1028	9.830488e-04	5.852158e-02	
1029	9.840488e-04	5.852173e-02	
1030	9.850488e-04	5.852188e-02	
1031	9.860488e-04	5.852203e-02	
1032	9.870488e-04	5.852218e-02	
1033	9.880488e-04	5.852233e-02	
1034	9.890488e-04	5.852248e-02	
1035	9.900488e-04	5.852263e-02	
1036	9.910488e-04	5.852278e-02	
1037	9.920488e-04	5.852292e-02	
1038	9.930488e-04	5.852307e-02	
1039	9.940488e-04	5.852322e-02	
1040	9.950488e-04	5.852337e-02	

Index   time            v(b)            
--------------------------------------------------------------------------------
1041	9.960488e-04	5.852352e-02	
1042	9.970488e-04	5.852367e-02	
1043	9.980488e-04	5.852382e-02	
1044	9.990488e-04	5.852397e-02	
1045	1.000000e-03	5.852411e-02	
